155.95
155.95
155.95
155.95
155.95
155.95
155.96
155.96
155.97
155.97
155.98
155.99
156.01
156.02
156.04
156.05
156.05
156.06
156.06
156.06
156.06
156.06
156.06
156.06
156.05
156.05
156.05
156.04
156.04
156.04
156.04
156.04
156.05
156.04
156.05
156.06
156.07
156.08
156.10
156.11
156.11
156.11
156.11
156.11
156.11
156.10
156.10
156.11
156.11
156.11
156.10
156.10
156.10
156.10
156.10
156.10
156.09
156.09
156.09
156.10
156.11
156.12
156.13
156.14
156.14
156.14
156.14
156.14
156.13
156.13
156.13
156.12
156.12
156.12
156.12
156.11
156.11
156.10
156.10
156.10
156.10
156.10
156.10
156.12
156.14
156.18
156.22
156.25
156.26
156.25
156.23
156.22
156.22
156.21
156.21
156.19
156.17
156.15
156.13
156.11
156.10
156.08
156.06
156.05
156.03
156.03
156.03
156.05
156.07
156.10
156.11
156.12
156.12
156.11
156.11
156.10
156.09
156.08
156.07
156.06
156.06
156.06
156.06
156.05
156.05
156.04
156.05
156.05
156.05
156.05
156.05
156.05
156.06
156.07
156.08
156.09
156.10
156.09
156.08
156.05
156.03
156.01
155.99
155.97
155.96
155.94
155.93
155.91
155.91
155.91
155.91
155.90
155.89
155.89
155.90
155.92
155.97
156.02
156.06
156.08
156.07
156.06
156.04
156.01
155.99
155.97
155.96
155.96
155.95
155.95
155.94
155.94
155.94
155.93
155.92
155.91
155.90
155.90
155.91
155.92
155.94
155.96
155.98
155.99
156.00
156.00
155.99
155.99
155.98
155.98
155.97
155.97
155.97
155.97
155.97
155.97
155.98
155.98
155.98
155.98
155.99
155.99
156.00
156.01
156.02
156.04
156.05
156.06
156.07
156.07
156.06
156.06
156.04
156.03
156.01
155.99
155.98
155.96
155.95
155.93
155.92
155.91
155.91
155.90
155.90
155.89
155.91
155.94
155.97
156.00
156.03
156.05
156.05
156.05
156.03
156.01
155.99
155.97
155.96
155.95
155.94
155.93
155.93
155.93
155.93
155.92
155.92
155.91
155.91
155.90
155.90
155.91
155.92
155.94
155.95
155.96
155.97
155.97
155.97
155.96
155.96
155.96
155.95
155.95
155.94
155.93
155.91
155.89
155.88
155.87
155.85
155.85
155.85
155.85
155.87
155.90
155.94
155.97
156.00
156.02
156.04
156.05
156.04
156.04
156.03
156.01
155.99
155.98
155.96
155.94
155.93
155.91
155.89
155.88
155.87
155.86
155.86
155.86
155.87
155.89
155.93
155.96
156.00
156.03
156.04
156.04
156.03
156.01
156.00
155.99
155.97
155.96
155.95
155.94
155.93
155.92
155.91
155.89
155.88
155.87
155.87
155.86
155.87
155.90
155.95
156.00
156.05
156.09
156.11
156.10
156.08
156.06
156.03
156.01
155.99
155.97
155.96
155.95
155.94
155.93
155.93
155.92
155.91
155.90
155.90
155.90
155.91
155.95
156.00
156.05
156.09
156.14
156.16
156.16
156.15
156.14
156.13
156.10
156.08
156.06
156.04
156.03
156.02
156.01
156.01
156.01
156.00
156.00
156.00
156.00
156.01
156.05
156.10
156.15
156.20
156.24
156.26
156.25
156.23
156.21
156.20
156.20
156.20
156.20
156.20
156.20
156.19
156.17
156.15
156.13
156.11
156.09
156.08
156.07
156.08
156.12
156.17
156.22
156.26
156.29
156.30
156.29
156.26
156.23
156.20
156.17
156.15
156.13
156.11
156.09
156.07
156.06
156.04
156.02
156.01
156.00
155.99
155.99
156.00
156.02
156.05
156.07
156.09
156.11
156.12
156.12
156.10
156.09
156.07
156.04
156.02
156.00
155.99
155.97
155.96
155.95
155.95
155.95
155.94
155.93
155.93
155.93
155.95
155.99
156.04
156.10
156.14
156.16
156.16
156.15
156.13
156.12
156.11
156.10
156.09
156.09
156.08
156.08
156.08
156.08
156.08
156.08
156.08
156.07
156.07
156.07
156.08
156.12
156.16
156.21
156.26
156.30
156.32
156.31
156.29
156.25
156.23
156.20
156.18
156.17
156.15
156.14
156.13
156.12
156.11
156.10
156.08
156.07
156.06
156.06
156.07
156.11
156.16
156.22
156.25
156.28
156.29
156.27
156.25
156.22
156.19
156.17
156.15
156.14
156.14
156.13
156.13
156.12
156.12
156.12
156.12
156.12
156.12
156.12
156.13
156.16
156.20
156.25
156.29
156.31
156.32
156.31
156.28
156.24
156.21
156.19
156.17
156.15
156.13
156.12
156.11
156.10
156.09
156.08
156.07
156.06
156.06
156.06
156.07
156.08
156.09
156.10
156.11
156.12
156.12
156.12
156.11
156.10
156.10
156.09
156.09
156.08
156.08
156.07
156.07
156.07
156.07
156.06
156.06
156.07
156.06
156.07
156.08
156.12
156.16
156.21
156.25
156.28
156.29
156.28
156.26
156.24
156.24
156.23
156.24
156.24
156.23
156.23
156.22
156.21
156.21
156.20
156.18
156.16
156.15
156.16
156.17
156.20
156.22
156.25
156.27
156.28
156.29
156.28
156.27
156.25
156.23
156.22
156.21
156.21
156.20
156.19
156.18
156.17
156.15
156.13
156.12
156.10
156.09
156.09
156.10
156.12
156.15
156.18
156.20
156.22
156.23
156.22
156.20
156.18
156.15
156.13
156.10
156.08
156.06
156.04
156.03
156.01
156.00
155.98
155.97
155.95
155.95
155.95
155.97
156.01
156.07
156.11
156.15
156.17
156.17
156.15
156.13
156.09
156.06
156.03
156.00
155.98
155.96
155.94
155.93
155.91
155.90
155.88
155.87
155.85
155.84
155.84
155.86
155.88
155.91
155.94
155.96
155.98
155.98
155.98
155.97
155.96
155.95
155.95
155.94
155.94
155.93
155.93
155.93
155.93
155.92
155.92
155.92
155.92
155.92
155.92
155.92
155.93
155.93
155.93
155.94
155.95
155.95
155.96
155.95
155.95
155.95
155.95
155.95
155.95
155.95
155.95
155.95
155.95
155.95
155.94
155.95
155.95
155.95
155.96
155.96
155.97
155.99
156.00
156.01
156.02
156.02
156.02
156.03
156.02
156.02
156.02
156.02
156.02
156.02
156.02
156.03
156.03
156.03
156.03
156.04
156.05
156.06
156.07
156.08
156.09
156.09
156.11
156.12
156.12
156.11
156.11
156.10
156.10
156.10
156.10
156.11
156.13
156.14
156.15
156.15
156.15
156.15
156.14
156.13
156.13
156.13
156.13
156.14
156.15
156.16
156.16
156.17
156.18
156.18
156.18
156.17
156.17
156.16
156.16
156.16
156.15
156.15
156.15
156.14
156.14
156.13
156.13
156.13
156.12
156.12
156.12
156.12
156.13
156.13
156.14
156.15
156.15
156.15
156.14
156.14
156.14
156.13
156.13
156.12
156.12
156.12
156.12
156.11
156.11
156.10
156.10
156.10
156.10
156.10
156.10
156.12
156.16
156.21
156.25
156.28
156.30
156.31
156.30
156.28
156.25
156.22
156.20
156.18
156.16
156.15
156.14
156.13
156.13
156.13
156.13
156.13
156.13
156.13
156.13
156.13
156.14
156.16
156.18
156.20
156.21
156.21
156.21
156.21
156.21
156.20
156.20
156.20
156.20
156.20
156.20
156.20
156.20
156.19
156.19
156.20
156.19
156.20
156.20
156.20
156.21
156.23
156.24
156.25
156.26
156.27
156.26
156.26
156.25
156.23
156.22
156.20
156.19
156.18
156.18
156.17
156.17
156.16
156.16
156.16
156.15
156.15
156.15
156.16
156.17
156.19
156.21
156.22
156.22
156.22
156.21
156.21
156.20
156.19
156.18
156.17
156.16
156.15
156.13
156.12
156.11
156.11
156.10
156.10
156.10
156.10
156.09
156.10
156.10
156.11
156.11
156.12
156.12
156.13
156.13
156.12
156.12
156.11
156.10
156.09
156.08
156.07
156.06
156.05
156.04
156.03
156.01
156.00
155.99
155.98
155.98
156.00
156.04
156.08
156.12
156.15
156.19
156.20
156.21
156.20
156.19
156.19
156.18
156.17
156.17
156.17
156.17
156.17
156.18
156.18
156.18
156.18
156.18
156.19
156.20
156.22
156.25
156.28
156.32
156.34
156.38
156.39
156.39
156.37
156.34
156.31
156.28
156.25
156.23
156.22
156.21
156.20
156.18
156.17
156.16
156.15
156.15
156.14
156.15
156.15
156.17
156.18
156.20
156.22
156.24
156.24
156.24
156.24
156.23
156.22
156.21
156.19
156.18
156.17
156.16
156.15
156.14
156.13
156.13
156.12
156.12
156.12
156.12
156.12
156.14
156.16
156.19
156.22
156.24
156.25
156.25
156.24
156.23
156.21
156.20
156.18
156.17
156.15
156.14
156.14
156.13
156.13
156.13
156.13
156.13
156.13
156.13
156.13
156.14
156.15
156.17
156.17
156.18
156.18
156.18
156.18
156.17
156.16
156.15
156.14
156.14
156.13
156.13
156.12
156.12
156.12
156.12
156.11
156.11
156.11
156.11
156.12
156.13
156.15
156.18
156.22
156.25
156.27
156.28
156.27
156.24
156.22
156.20
156.18
156.17
156.16
156.15
156.14
156.13
156.12
156.11
156.10
156.09
156.09
156.10
156.12
156.15
156.18
156.23
156.27
156.31
156.33
156.34
156.33
156.31
156.30
156.29
156.29
156.28
156.28
156.27
156.26
156.25
156.24
156.23
156.21
156.20
156.19
156.20
156.23
156.27
156.33
156.38
156.42
156.45
156.47
156.47
156.44
156.41
156.37
156.34
156.31
156.28
156.25
156.23
156.21
156.20
156.18
156.17
156.16
156.16
156.15
156.16
156.19
156.24
156.29
156.34
156.38
156.41
156.42
156.42
156.40
156.37
156.34
156.31
156.28
156.26
156.23
156.21
156.20
156.18
156.17
156.15
156.14
156.13
156.13
156.14
156.17
699.91
1350.75
1164.91
733.79
365.50
156.42
156.43
156.43
156.42
156.41
156.40
156.39
156.38
156.36
156.35
156.33
156.32
156.30
156.28
156.27
156.25
156.25
156.27
156.30
1301.68
1355.74
991.82
539.79
274.73
156.48
156.48
156.47
156.45
156.45
156.43
156.42
156.42
156.41
156.40
156.39
156.39
156.39
156.38
156.38
156.38
156.38
156.38
156.38
156.39
156.40
156.43
156.46
156.50
156.52
156.53
156.52
156.50
156.48
156.46
156.44
156.42
156.40
156.38
156.36
156.36
156.36
156.35
156.35
156.34
156.34
156.34
156.35
156.38
156.41
156.43
156.45
156.46
156.46
156.46
156.44
156.43
156.41
156.41
156.40
156.39
156.39
156.38
156.38
156.36
156.35
156.34
156.33
156.33
156.33
156.32
156.33
156.33
156.34
156.35
156.36
156.36
156.36
156.36
156.35
156.34
156.33
156.32
156.32
156.31
156.30
156.29
156.29
156.28
156.28
156.26
156.25
156.24
156.23
156.23
156.25
156.28
156.31
156.35
156.37
156.40
156.42
156.42
156.41
156.39
156.37
156.35
156.34
156.32
156.30
156.29
156.27
156.26
156.25
156.24
156.24
156.24
156.23
156.23
156.24
156.27
156.30
156.33
156.35
156.37
156.37
156.37
156.36
156.34
156.31
156.30
156.27
156.25
156.23
156.21
156.19
156.17
156.15
156.13
156.12
156.11
156.11
156.11
156.14
156.17
156.22
156.25
156.28
156.29
156.29
156.29
156.28
156.26
156.24
156.22
156.19
156.16
156.15
156.12
156.11
156.09
156.09
156.08
156.08
156.09
156.09
156.09
156.11
156.14
156.17
156.20
156.22
156.23
156.23
156.23
156.22
156.21
156.21
156.20
156.19
156.19
156.18
156.18
156.17
156.17
156.16
156.16
156.16
156.16
156.16
156.16
156.17
156.18
156.20
156.21
156.22
156.24
156.25
156.25
156.24
156.24
156.23
156.23
156.22
156.22
156.21
156.21
156.21
156.20
156.20
156.20
156.19
156.20
156.20
156.21
156.24
156.28
156.31
156.34
156.37
156.40
156.42
156.43
156.42
156.40
156.38
156.35
156.32
156.30
156.28
156.26
156.25
156.23
156.22
156.21
156.20
156.20
156.21
156.23
156.25
156.29
156.33
156.37
156.41
156.45
156.47
156.48
156.47
156.45
156.42
156.40
156.37
156.35
156.33
156.31
156.30
156.28
156.26
156.25
156.24
156.22
156.23
156.25
156.29
156.35
156.41
156.47
170.14
159.80
156.59
156.60
156.59
156.56
156.53
156.49
156.46
156.43
156.40
156.38
156.36
156.34
156.32
156.31
156.30
156.29
156.28
156.30
156.35
156.41
156.46
156.51
156.54
156.56
156.57
156.57
156.56
156.55
156.52
156.50
156.47
156.44
156.41
156.39
156.37
156.36
156.34
156.33
156.32
156.31
156.32
156.34
156.38
1491.62
1489.97
1251.19
713.49
420.81
156.64
156.65
156.64
156.62
156.59
156.55
156.52
156.50
156.48
156.46
156.44
156.43
156.41
156.40
156.39
156.38
156.38
156.38
156.41
156.45
804.58
949.44
736.72
552.72
156.66
156.68
156.67
156.65
156.63
156.61
156.59
156.57
156.55
156.53
156.51
156.50
156.48
156.47
156.46
156.46
156.46
156.46
156.47
156.49
156.52
156.53
156.56
156.57
156.58
156.58
156.58
156.57
156.57
156.56
156.55
156.54
156.54
156.54
156.53
156.53
156.53
156.53
156.52
156.52
156.53
156.54
613.03
1374.84
1476.55
1374.30
1139.72
839.20
164.99
156.82
156.82
156.79
156.77
156.73
156.70
156.68
156.66
156.64
156.63
156.62
156.62
156.61
156.59
156.58
156.58
156.60
787.45
1332.94
1451.20
1359.87
959.74
640.67
156.89
156.89
156.88
156.86
156.83
156.82
156.80
156.79
156.78
156.77
156.76
156.75
156.74
156.74
156.73
156.73
156.73
156.74
156.76
156.79
156.82
156.85
156.88
156.91
156.93
156.93
156.92
156.90
156.88
156.86
156.83
156.82
156.80
156.79
156.78
156.78
156.77
156.77
156.76
156.75
156.76
156.76
156.78
156.81
156.86
156.90
156.94
156.98
157.01
157.01
156.99
156.96
156.92
156.88
156.84
156.81
156.78
156.75
156.72
156.70
156.68
156.68
156.67
156.66
156.65
156.66
761.49
1491.14
1598.60
1303.12
733.78
487.42
156.90
156.90
156.88
156.85
156.82
156.79
156.75
156.73
156.70
156.67
156.64
156.62
156.60
156.58
156.56
156.55
156.55
156.56
156.58
1610.27
1505.23
1264.98
788.69
552.58
156.80
156.80
156.79
156.77
156.74
156.70
156.67
156.64
156.62
156.60
156.57
156.55
156.54
156.52
156.52
156.50
156.50
156.51
589.23
1338.89
1454.63
1257.79
798.94
570.91
156.77
156.77
156.76
156.73
156.69
156.66
156.62
156.58
156.55
156.53
156.51
156.50
156.50
156.49
156.48
156.48
156.48
156.49
156.52
924.01
1180.95
1154.26
813.34
611.44
156.73
156.74
156.72
156.71
156.68
156.65
156.62
156.60
156.58
156.56
156.54
156.52
156.51
156.49
156.48
156.47
156.47
156.48
568.99
1600.43
1866.61
1698.33
1447.13
1272.03
478.18
371.48
236.56
156.82
156.81
156.80
156.78
156.77
156.75
156.72
156.70
156.68
156.65
156.63
156.62
156.60
156.61
163.45
340.68
2096.89
1964.77
1589.44
1050.67
823.12
648.87
408.45
255.12
162.43
156.97
156.95
156.94
156.93
156.92
156.91
156.90
156.88
156.87
156.84
156.82
156.81
156.80
175.23
304.07
359.33
408.44
439.14
469.83
408.54
242.99
157.14
157.13
157.11
157.08
157.04
157.01
156.99
156.96
156.94
156.91
156.89
156.86
156.84
156.83
156.82
156.82
156.82
1284.45
1694.27
1772.35
1385.19
798.92
634.40
157.05
157.06
157.04
157.01
156.97
156.93
156.89
156.86
156.83
156.82
156.80
156.78
156.75
156.73
156.72
156.71
156.71
156.72
156.73
677.73
1256.48
1216.69
766.08
586.38
156.90
156.91
156.90
156.87
156.84
156.79
156.75
156.72
156.69
156.66
156.63
156.61
156.59
156.56
156.54
156.53
156.53
156.55
1541.92
1867.55
1836.59
1343.01
851.95
613.09
156.83
156.82
156.81
156.79
156.77
156.74
156.72
156.70
156.68
156.65
156.63
156.61
156.59
156.57
156.55
156.54
156.54
156.56
1779.70
1995.54
2091.84
1749.82
1289.10
1104.97
318.46
203.77
156.92
156.90
156.88
156.85
156.83
156.80
156.78
156.75
156.73
156.71
156.68
156.66
156.64
156.63
156.63
604.21
1760.47
2276.48
2429.75
2011.77
1516.75
1366.07
521.68
414.59
215.27
157.00
156.97
156.93
156.90
156.87
156.84
156.81
156.79
156.78
156.76
156.75
156.74
156.73
156.74
156.77
156.81
212.05
261.15
242.79
224.42
173.84
156.99
156.99
156.98
156.97
156.95
156.92
156.90
156.87
156.85
156.83
156.80
156.78
156.75
156.73
156.71
156.69
156.69
156.69
156.70
156.72
156.73
156.75
156.76
156.76
156.77
156.76
156.75
156.75
156.74
156.73
156.72
156.71
156.71
156.70
156.69
156.69
156.68
156.67
156.67
156.66
156.65
156.64
156.64
156.64
156.64
156.65
156.66
156.67
156.68
156.69
156.69
156.68
156.66
156.64
156.62
156.61
156.59
156.57
156.56
156.56
156.55
156.55
156.54
156.54
156.55
156.56
156.59
1203.71
1002.40
926.14
668.70
554.08
156.80
156.82
156.82
156.79
156.75
156.71
156.67
156.63
156.59
156.56
156.54
156.51
156.49
156.47
156.45
156.44
156.44
156.46
156.48
156.52
156.55
999.41
584.62
476.22
156.65
156.65
156.65
156.63
156.61
156.58
156.56
156.54
156.52
156.50
156.48
156.46
156.45
156.43
156.42
156.42
156.42
156.45
1410.93
1379.67
1298.22
1057.15
817.47
701.93
156.70
156.71
156.71
156.70
156.68
156.64
156.61
156.59
156.58
156.57
156.57
156.56
156.54
156.52
156.51
156.49
156.49
626.48
1717.16
2007.62
1875.38
1371.77
958.39
793.28
156.81
156.81
156.78
156.74
156.72
156.70
156.69
156.68
156.67
156.66
156.64
156.61
156.58
156.55
156.53
156.51
156.52
156.55
156.59
1356.18
1178.26
638.92
181.70
156.78
186.39
156.83
156.83
156.82
156.79
156.77
156.74
156.72
156.70
156.68
156.67
156.66
156.66
156.65
156.64
156.64
156.64
156.65
156.65
156.66
156.66
156.67
156.68
156.68
156.68
156.68
156.67
156.66
156.66
156.65
156.65
156.64
156.64
156.63
156.62
156.62
156.62
156.61
156.61
156.61
156.60
156.60
156.60
156.61
156.61
156.62
156.62
156.63
156.63
156.64
156.63
156.63
156.63
156.64
156.65
156.66
156.64
156.66
156.66
156.65
156.62
156.60
156.57
156.54
156.53
156.53
156.56
1505.14
1528.81
1502.29
1083.30
705.88
156.79
156.80
156.81
156.80
156.79
156.77
156.75
156.74
156.73
156.72
156.71
156.70
156.70
156.69
156.68
156.68
156.67
156.67
156.68
156.69
156.71
156.74
156.76
156.78
156.80
156.81
156.82
156.81
156.80
156.78
156.77
156.76
156.76
156.75
156.74
156.73
156.72
156.70
156.69
156.68
156.67
156.68
156.70
883.46
1137.21
1083.25
920.37
759.09
156.86
156.86
156.86
156.85
156.83
156.82
156.81
156.80
156.78
156.77
156.76
156.75
156.74
156.73
156.72
156.71
156.70
156.71
156.72
156.75
156.77
156.78
156.79
156.80
156.80
156.80
156.80
156.79
156.77
156.75
156.74
156.72
156.71
156.69
156.68
156.66
156.65
156.63
156.61
156.59
156.57
156.58
156.61
156.65
1325.94
854.94
514.17
305.33
228.24
156.84
156.85
156.85
156.83
156.81
156.77
156.74
156.71
156.68
156.65
156.62
156.60
156.57
156.55
156.54
156.53
156.54
156.59
156.66
740.78
753.61
285.65
267.21
248.85
218.22
187.57
156.91
156.89
156.87
156.84
156.80
156.77
156.75
156.72
156.70
156.68
156.66
156.64
156.63
156.62
156.64
1657.95
2287.71
2646.58
2586.14
2061.41
1641.50
973.80
870.17
524.64
310.32
156.99
156.97
156.95
156.93
156.91
156.89
156.87
156.86
156.84
156.82
156.81
156.80
156.79
156.81
1847.19
2133.89
2468.90
2380.22
1740.97
1189.69
544.81
504.19
178.13
157.15
157.13
157.11
157.08
157.06
157.05
157.04
157.03
157.02
157.01
157.00
156.99
156.98
156.98
156.98
516.15
1175.84
1446.67
1535.22
1397.90
1219.61
289.02
162.94
157.18
157.17
157.16
157.14
157.12
157.10
157.08
157.06
157.04
157.02
157.01
157.00
156.99
156.98
156.97
156.97
156.98
156.98
156.99
157.00
157.00
157.01
157.01
157.01
157.00
156.99
156.97
156.95
156.94
156.92
156.91
156.90
156.88
156.87
156.86
156.85
156.84
156.83
156.82
156.82
156.82
156.83
156.84
156.86
156.87
156.89
156.91
156.93
156.95
156.95
156.93
156.91
156.89
156.87
156.85
156.83
156.82
156.81
156.80
156.80
156.79
156.78
156.78
156.78
156.81
156.84
156.88
1018.60
390.80
216.25
159.78
157.00
157.01
157.00
156.98
156.97
156.94
156.93
156.91
156.90
156.88
156.87
156.86
156.85
156.84
156.84
156.83
156.83
156.84
156.84
156.86
156.87
156.88
156.90
156.91
156.91
156.92
156.92
156.91
156.89
156.87
156.85
156.83
156.81
156.78
156.76
156.74
156.72
156.71
156.69
156.68
156.69
156.71
156.74
156.77
156.80
156.81
156.83
156.84
156.86
156.86
156.86
156.86
156.84
156.82
156.79
156.77
156.75
156.75
156.75
156.74
156.74
156.72
156.71
156.70
156.71
1713.08
1764.65
1579.85
1388.68
1215.53
1003.50
175.88
156.96
156.97
156.96
156.96
156.94
156.93
156.91
156.89
156.87
156.85
156.83
156.82
156.80
156.78
156.77
156.76
552.33
1773.42
2242.57
2409.94
2078.54
1513.33
1229.94
322.84
279.71
218.39
157.06
157.05
157.02
156.99
156.96
156.93
156.91
156.89
156.87
156.85
156.83
156.81
156.80
156.78
547.17
1582.57
1747.64
1727.56
1678.69
1541.06
1383.97
530.82
358.49
298.14
180.94
157.08
157.05
157.03
157.00
156.97
156.94
156.92
156.90
156.89
156.88
156.87
156.85
156.84
782.61
1961.24
2594.45
2937.99
2686.01
1961.28
1532.62
1056.86
1105.23
670.85
377.97
163.14
157.16
157.13
157.10
157.07
157.04
157.01
156.98
156.96
156.94
156.92
156.91
156.90
156.92
178.75
952.10
1361.51
1320.22
1073.20
934.04
1016.30
659.13
328.89
177.62
157.16
157.14
157.12
157.09
157.06
157.04
157.01
156.99
156.97
156.94
156.93
156.91
156.90
156.92
156.95
851.61
1259.58
1015.73
593.73
617.10
586.47
469.97
365.73
187.88
157.20
157.18
157.15
157.13
157.11
157.09
157.07
157.05
157.03
157.02
157.01
157.00
156.99
645.92
1697.30
2281.63
2616.78
2498.51
1883.92
1491.10
1017.72
1036.63
571.88
322.92
162.43
157.30
157.27
157.23
157.20
157.16
157.13
157.10
157.07
157.04
157.02
157.00
157.00
1108.00
2267.54
2871.74
3101.55
2812.68
2136.14
1709.11
1203.12
1228.95
774.39
402.65
162.27
157.30
157.26
157.23
157.19
157.15
157.12
157.09
157.07
157.05
157.02
157.01
157.01
1411.58
2402.74
3033.29
3297.86
2961.43
2246.47
1884.26
1448.41
1481.89
952.68
439.46
161.60
157.31
157.28
157.24
157.20
157.17
157.15
157.12
157.10
157.07
157.05
157.04
157.03
157.04
1003.31
1314.65
1608.55
1754.91
1734.67
1639.85
725.12
529.88
396.48
335.15
249.27
171.06
157.24
157.23
157.21
157.20
157.18
157.17
157.16
157.15
157.14
157.13
282.51
235.33
157.15
526.82
646.06
650.63
645.00
599.80
157.14
157.14
157.13
157.12
157.10
157.09
157.07
157.06
157.06
157.04
157.03
157.02
157.01
157.00
156.99
156.99
156.99
156.99
156.99
157.00
157.01
157.03
157.04
157.05
157.05
157.04
157.03
157.02
157.01
157.00
156.99
156.99
156.98
156.98
156.97
156.96
156.95
156.95
156.94
156.94
156.94
156.96
215.75
396.19
580.21
672.24
678.41
684.59
727.56
696.92
549.76
359.65
172.25
157.23
157.21
157.18
157.16
157.15
157.14
157.13
157.12
157.11
157.10
157.10
157.10
157.10
157.11
157.13
157.14
624.18
600.08
548.87
157.18
157.18
157.18
157.18
157.17
157.15
157.14
157.13
157.11
157.10
157.09
157.08
157.08
157.07
157.06
157.06
157.05
157.06
157.07
157.08
551.85
711.69
692.45
731.64
274.86
514.89
242.18
157.21
157.21
157.19
157.17
157.14
157.11
157.09
157.07
157.05
157.04
157.03
157.02
157.01
157.01
157.02
157.03
157.05
668.34
726.87
740.41
746.70
173.99
157.13
157.13
157.12
157.11
157.10
157.08
157.07
157.06
157.05
157.04
157.03
157.03
157.02
157.01
157.01
157.00
157.01
157.02
157.04
662.10
713.69
711.20
678.71
157.13
157.13
157.13
157.12
157.10
157.09
157.07
157.05
157.04
157.03
157.01
157.00
156.99
156.97
156.96
156.95
156.95
1177.93
2047.83
2404.16
2399.09
2031.45
1697.78
1608.83
810.00
751.72
423.06
191.01
157.26
157.24
157.21
157.17
157.15
157.12
157.09
157.07
157.05
157.03
157.02
157.01
157.01
157.03
208.85
1637.23
1986.85
1638.14
1203.87
1040.90
848.27
531.41
445.55
322.89
181.83
157.28
157.26
157.24
157.22
157.20
157.19
157.17
157.16
157.15
157.15
157.14
197.01
439.28
994.35
1972.26
2003.98
1491.23
1053.26
1022.16
1028.32
938.80
776.92
537.74
231.08
157.46
157.43
157.40
157.36
157.33
157.30
157.28
157.25
157.23
157.22
157.21
162.32
1837.89
2771.58
3259.78
3348.24
2951.97
2432.86
2301.60
1586.76
1180.78
709.44
629.76
642.01
370.45
157.49
157.46
157.44
157.42
157.41
157.40
157.38
157.37
157.36
157.35
157.34
157.34
392.92
717.06
797.09
829.40
816.33
805.91
157.38
157.37
157.36
157.35
157.34
157.32
157.31
157.30
157.28
157.27
157.25
157.23
157.22
157.21
157.20
157.19
157.19
1216.13
1991.07
2176.87
2289.20
2350.21
2086.95
1969.53
1236.36
797.21
234.19
157.46
157.43
157.41
157.38
157.35
157.32
157.31
157.29
157.28
157.26
157.25
157.23
157.23
457.81
1912.45
2609.13
2797.89
2741.20
2507.30
2144.29
1810.31
914.74
890.11
615.78
298.60
157.53
157.50
157.46
157.42
157.40
157.37
157.35
157.33
157.32
157.31
157.30
157.29
157.29
775.91
1477.15
2047.03
2556.62
2572.16
2243.56
2151.99
1606.85
1480.35
963.98
499.52
267.99
157.57
157.53
157.49
157.47
157.44
157.41
157.39
157.38
157.36
157.35
157.34
157.33
157.34
501.94
1656.18
2174.29
2043.39
1720.17
1668.32
1751.65
1273.76
728.03
519.51
304.84
163.07
157.58
157.55
157.52
157.50
157.49
157.47
157.46
157.45
157.43
157.42
157.42
157.42
157.42
157.42
157.42
157.43
157.44
157.44
157.44
157.44
157.44
157.43
157.42
157.40
157.37
157.36
157.34
157.32
157.32
157.31
157.29
157.28
157.27
157.26
157.25
157.25
157.25
157.26
563.55
590.52
603.99
607.05
157.28
157.29
157.29
157.28
157.27
157.26
157.24
157.22
157.21
157.20
157.19
157.18
157.17
157.16
157.15
157.14
157.14
157.14
157.15
414.20
826.29
1161.48
1389.35
1481.43
617.95
384.24
304.52
202.47
157.32
157.29
157.27
157.25
157.24
157.22
157.20
157.18
157.17
157.15
157.14
157.13
157.14
1772.50
2583.05
3040.27
3079.39
2608.08
1993.37
1917.55
1556.02
1472.22
954.26
550.02
239.28
157.49
157.45
157.42
157.38
157.36
157.33
157.31
157.28
157.27
157.25
157.24
157.24
1840.50
2573.21
3083.89
3177.31
2766.17
2319.10
2307.53
1663.92
1473.60
1019.80
605.74
347.69
164.20
157.53
157.50
157.47
157.45
157.43
157.42
157.40
157.38
157.35
157.34
477.45
2072.51
2980.44
3440.24
3405.79
2922.65
2404.48
2375.25
1989.02
1962.63
1396.55
737.24
464.37
261.96
157.66
157.62
157.60
157.56
157.54
157.51
157.49
157.47
157.45
157.44
292.36
1466.40
2333.05
2541.78
2470.13
2219.81
1847.66
1749.30
2107.28
1985.37
1029.52
672.89
445.96
224.13
157.66
157.63
157.60
157.57
157.55
157.53
157.51
157.50
157.49
178.60
408.93
691.05
1475.00
1667.03
1554.65
1448.23
1260.24
1267.18
1525.73
1489.45
1044.39
832.41
642.28
452.14
255.86
157.71
157.68
157.65
157.62
157.59
157.57
157.56
157.54
157.53
385.89
1551.91
2177.79
2564.69
2678.49
2456.32
2164.76
1982.46
830.86
385.41
193.16
157.71
157.68
157.65
157.62
157.59
157.57
157.55
157.53
157.52
157.50
157.49
157.48
157.47
163.60
243.32
1178.36
1159.50
1337.66
1368.58
1243.40
1251.94
625.88
642.86
332.32
249.55
163.68
157.52
157.50
157.48
157.45
157.42
157.40
157.37
157.36
157.35
157.34
157.33
206.74
1071.20
1274.63
1288.87
1376.46
1438.99
1413.25
1399.16
853.44
997.23
624.97
182.73
157.47
157.44
157.41
157.37
157.34
157.31
157.28
157.26
157.23
157.21
157.19
157.18
424.78
1797.37
2602.71
2934.24
2881.57
2544.48
2067.60
2082.68
1752.69
1699.49
1166.69
596.20
316.98
160.40
157.47
157.43
157.40
157.36
157.33
157.30
157.27
157.25
157.23
157.22
674.29
2291.94
3154.02
3547.50
3499.32
2973.43
2334.25
2297.24
2023.78
2116.97
1635.45
791.46
223.52
157.56
157.52
157.48
157.43
157.40
157.36
157.33
157.31
157.28
157.27
169.53
384.20
1656.38
2640.68
3022.78
2926.19
2524.52
2057.78
1992.53
2291.90
2073.48
1253.28
954.95
642.18
329.38
157.63
157.59
157.55
157.52
157.50
157.47
157.45
157.44
159.81
310.74
574.46
838.20
2184.38
2506.54
2518.65
2109.17
1562.13
1585.45
2164.66
2309.87
1857.93
1213.60
828.66
470.58
255.90
183.29
157.70
157.67
157.64
157.62
157.60
157.58
216.66
413.15
2058.09
3124.15
3908.28
4374.17
4399.84
3845.21
3063.91
3005.94
2649.77
3101.26
3079.66
2240.02
1068.33
546.16
360.25
231.42
157.79
157.77
157.74
157.72
157.70
157.68
159.03
286.44
963.64
1977.20
2388.67
2405.86
2291.00
2217.93
2299.58
2305.89
1233.23
919.82
707.92
623.86
507.32
390.78
329.42
335.53
341.65
217.61
157.63
157.61
157.59
157.57
157.55
261.80
1014.34
1620.47
2184.28
2781.50
3079.72
2946.53
2672.62
2641.69
1968.22
1884.02
1460.99
895.70
605.46
421.46
243.58
157.69
157.67
157.64
157.61
157.58
157.55
157.52
157.51
157.49
998.21
2501.35
3284.85
3603.28
3485.65
3003.76
2430.32
2417.29
2122.73
2261.18
1817.59
1088.04
623.99
378.59
212.97
157.73
157.69
157.66
157.63
157.61
157.59
157.57
167.85
300.39
2089.94
2817.21
3270.45
3416.37
3326.49
3302.05
3114.28
2987.55
2174.25
1804.11
1342.10
914.29
630.05
396.98
188.43
157.73
157.69
157.65
157.62
157.59
157.57
157.55
157.53
268.26
537.77
2221.80
2898.83
3275.90
3187.90
2694.09
2163.75
2266.63
2846.57
2778.81
1823.90
996.45
599.53
458.44
329.61
198.73
157.81
157.78
157.75
157.72
157.68
157.65
157.62
160.50
378.39
966.90
2082.63
2455.80
2342.78
1811.95
1283.53
1320.35
1820.97
2023.11
1591.30
1019.79
624.05
250.60
157.88
157.83
157.79
157.75
157.71
157.67
157.63
157.60
157.57
157.55
699.95
2083.78
2979.93
3263.24
3249.92
3051.82
2895.94
2815.15
1861.98
1638.92
1261.89
466.33
287.00
179.53
157.69
157.66
157.63
157.59
157.57
157.54
157.51
157.49
157.47
192.73
1323.65
3111.98
3898.09
4151.79
4075.86
3736.77
3314.83
3267.82
2667.66
2556.88
2022.84
1745.73
860.33
311.10
215.88
298.23
375.18
469.91
549.93
609.99
638.83
640.80
550.39
501.80
1598.64
1776.74
1913.38
2016.96
2072.41
2233.60
2534.73
2664.52
1668.56
1105.53
932.38
801.56
717.80
633.08
580.58
561.26
542.05
540.72
521.73
502.92
501.72
501.71
501.70
500.51
1263.46
1831.11
1776.46
1888.84
1955.15
2082.85
2319.77
2497.65
1525.93
1048.33
1176.79
1191.31
1116.36
1038.93
983.63
934.14
881.72
810.89
722.01
632.05
560.05
542.23
524.43
330.33
157.45
1567.17
1714.34
2649.51
3309.73
3429.90
3353.45
3529.25
3084.22
3314.04
3188.37
2306.43
1306.40
699.02
385.53
401.54
417.30
329.89
169.25
157.53
157.52
294.83
619.94
920.20
1148.84
2740.31
2923.08
2838.77
2767.34
2957.52
3115.11
3240.32
3320.44
2531.40
1690.46
1580.17
1372.08
1072.62
785.96
643.22
502.21
397.77
329.49
261.18
181.04
157.57
157.55
157.54
228.05
408.28
528.73
589.65
663.86
802.96
1003.06
1215.47
1869.95
1539.03
975.07
771.11
525.79
280.46
157.76
157.72
157.68
157.65
157.62
157.59
157.56
157.53
157.50
157.49
422.79
2148.80
3109.54
3466.22
3479.32
3079.87
2483.19
2275.08
1550.25
1467.57
1006.23
461.17
268.08
161.59
157.64
157.61
157.58
157.55
157.51
157.48
157.45
157.42
157.40
157.39
637.33
2173.15
3311.41
3592.07
2927.29
2605.56
2520.38
2583.98
2173.24
2405.96
2083.07
1296.51
660.60
311.02
157.67
157.63
157.60
157.56
157.52
157.48
157.44
157.40
157.38
157.37
1004.86
2617.30
3559.58
3975.79
3755.86
3240.78
2671.72
2705.12
2374.54
2474.83
2269.98
1732.02
604.46
244.99
157.73
157.69
157.65
157.61
157.58
157.55
157.53
157.52
157.50
157.49
157.49
858.03
1155.31
1287.36
1386.34
1419.35
1378.84
1321.59
459.85
350.57
157.57
157.57
157.56
157.53
157.50
157.47
157.43
157.40
157.37
157.34
157.31
157.28
157.26
157.25
443.62
1677.88
2665.60
3355.61
3550.89
3322.23
3061.40
3053.25
2384.11
2392.14
1950.32
1346.88
547.44
359.95
274.06
218.84
168.40
157.48
157.46
157.44
157.43
157.42
174.36
354.02
564.18
1777.09
2357.53
2789.43
2956.30
2744.32
2442.66
2534.10
2830.17
2243.59
1345.22
1140.51
792.20
447.44
259.33
250.39
207.74
157.61
157.59
157.57
157.55
157.53
157.52
188.17
401.18
1080.15
2374.66
2761.01
2699.99
2309.93
1900.95
1912.91
2194.20
2246.83
1829.85
1301.07
1026.87
756.04
574.09
358.42
159.37
157.75
157.72
157.69
157.66
157.63
157.61
263.96
2048.65
3294.47
4073.48
4538.61
4647.11
4209.48
3407.34
3156.01
2926.52
3427.51
3347.62
2512.85
1037.08
307.75
157.90
157.85
157.81
157.77
157.74
157.71
157.69
157.67
157.66
190.56
2294.23
3645.49
4634.02
5083.70
5058.43
4560.04
3915.36
3891.11
3616.23
3834.43
3441.02
2637.70
1542.96
988.41
617.68
295.54
157.88
157.84
157.81
157.78
157.75
157.73
157.71
564.60
2403.74
2877.63
2865.70
2945.46
2979.77
3145.87
3462.41
3773.01
3036.47
2829.40
2554.06
1546.55
979.15
563.80
333.38
262.44
193.02
157.65
157.63
157.61
157.59
157.57
187.80
592.60
1020.38
3499.85
3226.24
3934.55
4575.46
4882.67
4711.09
4589.89
4023.52
4232.23
4012.79
3327.56
2147.77
1666.01
1513.80
1488.87
1454.72
1425.27
1440.08
1454.78
1522.41
1603.59
1547.84
1660.15
4571.46
4871.12
5442.63
5506.64
5331.36
5165.81
5031.85
4951.89
3924.50
3500.32
2954.48
2201.60
1593.80
1267.67
1048.88
935.17
868.98
698.93
366.77
159.34
157.70
157.68
157.67
652.72
2175.19
2753.08
3522.97
3908.75
3965.12
3772.05
3427.32
3630.32
4307.39
3687.59
2441.74
1867.53
1527.60
1073.39
697.69
505.37
314.34
164.31
157.87
157.84
157.81
157.78
251.29
781.80
1009.75
1244.49
1508.46
3063.12
2895.17
2868.62
2692.89
2283.98
2201.69
2168.72
2044.65
1848.32
1643.37
1437.84
1280.72
1138.36
999.12
996.73
1128.11
1261.18
1317.91
1317.89
1313.85
1585.49
4143.35
4733.23
5449.04
5686.36
5580.13
5301.82
5063.56
5154.37
4968.91
5438.17
5329.96
4498.57
2915.38
1869.21
1092.79
625.31
225.73
157.90
157.86
157.83
157.80
268.56
708.28
1096.53
3780.45
4705.89
5606.62
6058.21
5999.64
5567.50
5081.84
5197.64
5091.63
5457.82
5175.37
4577.05
3210.91
1702.41
1155.60
947.31
743.96
725.62
872.69
1022.06
1234.24
1503.84
1721.71
1991.44
4775.78
5104.44
5769.05
6033.31
6009.51
5944.29
6001.56
6360.74
5985.20
6038.89
5540.59
5281.96
4544.83
2726.01
2173.94
1780.03
1477.95
1281.35
1184.50
1088.64
1192.93
1505.02
1824.86
2279.76
5228.20
5182.29
5819.13
6173.66
6088.63
5601.28
5119.39
5290.52
5194.56
5416.26
4904.95
4090.62
3346.14
2206.32
1742.68
1500.46
1341.64
1244.76
1225.24
1205.91
1302.58
1550.64
1745.13
1952.31
4443.18
4117.55
4745.82
5525.47
6238.65
6571.98
6541.56
6521.82
5481.81
5071.81
4637.03
4049.64
3048.15
2119.26
1746.24
1725.19
1768.89
1763.21
1714.15
1659.41
1674.09
1747.66
1822.22
2087.24
2568.43
4792.29
4554.95
5223.76
5680.72
5762.24
5582.74
5446.54
5262.92
4474.21
3355.73
2685.58
2337.23
1844.82
1586.52
1591.50
1595.96
1498.30
1279.02
1060.82
1060.80
1259.79
1458.56
1921.57
2388.36
4271.60
4819.91
5404.52
5540.37
5315.30
5000.16
5234.40
5047.21
3623.62
3159.34
3405.85
3096.27
2791.10
2438.21
2145.62
1892.88
1740.94
1645.66
1550.67
1519.09
1579.06
1639.34
2024.76
5444.63
5372.88
6162.11
6713.17
6854.79
6374.89
5530.97
5254.17
4860.87
5084.80
4769.44
4298.04
3808.44
3070.16
2956.99
2636.43
2425.87
2279.01
2127.01
1986.72
1936.55
1935.35
1916.30
2032.01
4164.61
4048.64
4394.42
4674.95
4951.74
5057.02
4773.94
4749.24
4268.65
4090.64
3637.74
3338.27
3010.40
2420.03
2437.97
2432.24
2484.60
2212.46
1581.02
963.70
731.62
811.19
890.97
1070.78
3570.66
4057.56
4820.60
5301.11
5312.82
4715.53
3855.01
3520.53
2958.29
2926.91
2580.49
2310.59
1874.77
1588.23
1570.09
1527.41
1554.75
1495.40
1366.09
1260.38
1201.34
1167.13
1131.29
1298.36
3952.54
4303.62
4998.15
5320.92
5240.49
4549.36
3547.17
2774.35
1536.69
1438.11
1368.78
1118.16
611.31
540.23
459.21
345.67
232.88
200.88
231.52
262.16
298.93
329.58
360.22
535.15
2167.81
3419.06
4196.39
4517.68
4382.74
3880.95
3329.21
3352.37
3098.87
3258.89
2798.14
1983.05
1401.21
1086.51
965.49
664.47
446.21
348.08
268.33
189.42
207.28
323.44
439.94
648.44
1504.93
2807.16
3595.91
3984.56
3924.45
3409.44
2750.65
2671.55
3251.49
3354.22
2518.31
1710.31
1343.70
1278.53
1141.74
920.81
708.58
608.20
603.80
609.99
758.19
997.84
1243.92
1419.66
1546.48
2975.60
3298.05
3638.69
3558.04
3185.86
2806.17
2938.78
3413.98
3438.79
2809.40
1924.27
1493.14
1303.64
1145.29
977.83
807.29
707.43
667.92
631.46
737.91
898.47
1040.26
1281.77
3203.27
3022.15
3296.81
3614.39
3906.97
4003.27
3883.57
3753.92
2723.91
2434.26
2169.88
1547.22
1181.10
954.13
729.98
504.74
352.56
311.15
280.46
249.77
292.68
409.19
525.70
685.14
1944.71
3086.47
3808.50
4203.24
4115.67
3584.19
2951.90
2875.05
2622.23
2845.80
2345.86
1506.58
861.18
599.55
452.33
372.56
292.81
206.92
157.83
157.80
157.78
157.75
157.73
264.19
1563.49
2907.46
3694.22
4034.46
3930.55
3423.05
2836.69
2801.47
2603.34
2917.54
2444.28
1545.71
840.43
525.99
360.34
298.97
237.61
168.59
157.83
157.80
157.77
182.28
353.97
550.21
1932.91
3100.39
3861.47
4285.66
4264.90
3790.88
3201.46
3160.07
2921.27
3170.88
2797.93
2063.15
1394.24
1044.28
835.09
636.35
440.06
280.58
174.75
157.86
157.83
168.53
262.04
433.74
2507.31
3633.28
4543.77
5067.86
5148.36
4810.84
4307.47
4249.81
3803.29
3891.98
3413.69
2689.72
1968.37
1434.78
1271.42
1027.25
828.90
626.60
399.36
323.45
323.42
423.06
686.15
912.92
2372.40
3202.90
4074.62
4673.11
4801.52
4382.75
3742.87
3633.68
4255.42
4184.09
3396.58
2542.85
1751.10
1414.10
1168.75
1005.61
852.78
733.90
654.50
559.22
575.67
725.34
877.75
1004.13
1128.87
2386.60
2899.90
3291.23
3272.44
2869.69
2366.77
2250.31
2383.15
2392.58
2082.81
1937.52
1777.20
1630.19
1512.30
1342.05
1189.31
1155.88
1173.78
1192.54
1192.40
1156.34
1120.41
1248.99
3569.79
4118.80
4718.45
4920.44
5030.33
4986.02
4676.84
4625.94
3713.26
2689.85
1341.71
526.65
412.78
372.67
329.71
274.49
219.26
164.73
157.89
157.86
157.84
157.81
157.79
222.51
1422.13
2381.59
3024.15
3437.29
3540.18
3213.20
2657.62
2489.19
2051.61
2278.20
1966.03
1403.99
978.62
909.05
784.59
550.52
323.58
174.31
157.92
157.88
157.85
177.76
292.72
458.30
1398.27
2296.73
2779.11
3089.51
3336.44
3341.06
2936.96
2831.18
2568.75
2792.40
2380.53
1646.54
1026.17
788.97
598.45
440.12
286.77
207.00
206.97
206.94
206.91
206.89
207.69
341.77
2317.05
3095.28
3909.67
4411.80
4501.21
4098.90
3526.08
3459.31
3187.93
3437.35
3039.87
2291.69
1571.56
982.53
856.56
745.10
702.54
655.87
605.63
575.63
605.20
691.02
795.97
1044.90
3639.21
4275.09
5095.51
5449.92
5444.10
5084.05
4495.13
4288.03
3842.14
3903.94
3336.16
2621.69
2188.26
1599.14
1526.95
1373.19
1265.97
1246.46
1296.70
1369.34
1442.04
1495.63
1570.03
1698.43
3489.14
3970.33
4551.72
4728.57
4700.05
4469.63
4047.32
3860.57
4298.67
4250.82
3541.37
2824.75
2204.46
2034.32
1960.46
1949.39
1934.63
1908.30
1869.99
1831.83
1870.00
1965.84
2089.76
2216.52
2381.70
4183.46
4373.30
4738.41
4722.48
4290.93
3747.36
3639.23
4170.12
4525.51
4290.48
3494.90
2888.23
2647.48
2545.58
2565.83
2614.61
2582.24
2488.89
2423.08
2396.79
2410.27
2425.05
2566.31
5130.38
4907.06
5516.89
6105.97
6307.72
5928.43
5407.04
5272.88
4832.48
5055.28
5045.84
4735.89
4094.04
3557.41
2757.48
2141.17
1812.21
1646.68
1653.87
1660.13
1667.56
1724.91
1782.16
2169.53
4745.33
5152.03
5850.54
6111.43
5955.66
5330.74
4563.87
4299.45
3945.51
4089.92
3586.80
2875.60
2414.94
2233.89
2134.04
1511.60
1451.00
1359.04
1203.15
1046.07
1068.73
1261.06
1454.55
2546.53
4006.02
5067.34
5768.47
5986.74
5792.24
5196.38
4558.55
4379.74
4100.90
4445.19
4174.72
3545.18
3091.34
2877.99
2724.70
1997.74
1956.31
1807.24
1579.51
1377.96
1336.47
1427.49
1537.85
2716.13
4244.17
5380.10
6069.98
6274.06
6097.70
5537.30
4988.73
4910.23
4582.62
4723.03
4217.57
3529.63
3141.68
3024.30
3136.32
2590.48
2773.79
2797.15
2615.64
2465.69
2591.93
2998.67
3484.81
5147.65
5524.36
5857.45
6216.19
6407.23
6294.59
5840.89
5331.22
5166.87
4772.64
4999.89
4667.70
4082.56
3652.25
3428.62
3164.04
2313.98
2167.71
2058.39
1987.03
1940.67
1877.55
1768.93
1657.79
1721.44
3078.42
3332.45
4093.22
4667.67
4723.44
4295.72
3743.30
3616.73
4317.79
4334.61
3672.07
3110.75
2565.95
2481.81
2504.87
2541.97
2578.86
2566.63
2485.68
2405.34
2345.54
2286.10
2207.23
2203.74
2282.32
2353.31
2485.81
2572.85
2714.45
2809.78
2924.35
2838.48
2634.19
2416.17
2214.71
2028.41
1892.10
1757.80
1625.22
1494.43
1365.40
1166.19
900.61
642.81
532.14
562.82
609.74
714.81
2601.84
3384.84
4079.74
4302.98
4243.58
4016.86
3742.00
3691.05
3179.35
3091.21
2746.71
2198.15
1346.31
1001.02
868.26
839.53
809.76
642.37
446.24
292.90
262.21
348.04
433.88
599.45
2409.22
3738.42
4575.13
4908.66
4872.80
4434.20
3934.06
3741.08
3336.44
3633.12
3333.59
2596.63
1695.84
1050.15
835.28
756.79
695.86
704.74
801.57
921.05
990.45
1031.57
1091.77
1250.69
3430.65
3983.32
4885.25
5478.57
5627.96
5091.31
4232.80
3832.92
3492.70
3744.89
3335.56
2673.26
2031.09
1384.46
1221.35
1010.36
864.84
779.31
748.66
732.59
791.61
929.22
1064.85
1280.32
3685.67
3959.35
4722.38
5444.87
5803.64
5468.21
4994.75
4793.10
3796.44
3501.69
3203.68
2954.24
2193.24
2062.24
1874.95
1567.14
1267.93
954.35
700.56
535.13
453.45
437.22
402.58
489.06
2006.68
2454.45
3121.24
3754.12
4097.99
3904.67
3396.13
3469.72
3204.80
3299.83
2765.63
1966.18
1202.96
748.58
614.74
521.72
441.85
423.45
453.99
484.42
517.71
548.10
578.53
657.06
1775.52
2618.14
3443.25
3969.61
4104.48
3628.71
2899.17
2620.02
3054.96
2823.75
1914.34
1215.07
1001.52
931.62
935.32
991.45
1091.68
1111.25
1071.27
1073.43
1067.65
1005.05
912.94
1049.37
1227.31
1327.46
1406.52
1524.82
2430.26
2446.00
2098.66
1701.18
2063.75
2417.27
2116.07
1582.72
1454.02
1349.75
1250.48
1155.74
1097.71
1054.21
1010.81
967.60
924.17
902.38
880.75
907.34
2202.53
2627.98
3077.08
3402.30
3654.46
3837.60
3943.59
4049.09
3162.13
2902.17
2449.74
1888.45
1789.24
1876.49
1803.33
1591.99
1529.04
1466.90
1407.03
1369.83
1333.94
1298.04
1262.07
1282.09
3418.87
3877.02
4423.35
4651.03
4722.62
4645.13
4354.16
4130.68
3470.06
3379.70
2761.47
2186.44
1783.90
1651.16
1694.23
1735.00
1799.70
1832.63
1807.07
1781.56
1756.00
1730.50
1748.88
1858.04
4043.52
4185.92
4770.13
5245.89
5419.24
5255.09
4972.87
4819.88
4318.32
4387.61
3962.25
3382.45
2918.77
2306.57
2266.46
2218.82
2248.17
2192.69
2082.16
1998.08
1907.91
1798.71
1714.39
1760.82
3980.93
4200.84
4828.16
5182.69
5242.09
4855.07
4232.99
3915.10
3525.02
3731.12
3309.12
2841.89
2647.83
2304.59
2147.47
2015.31
1957.53
1905.71
1898.65
1910.32
1903.01
1877.94
1870.35
2014.97
4658.71
4917.83
5600.77
5915.29
5901.86
5545.03
5086.12
4779.29
3971.22
3718.17
3244.77
2907.40
2692.72
2444.85
2063.10
1940.90
1913.27
1863.64
1753.79
1685.62
1613.50
1519.34
1423.01
1355.42
2784.61
3197.60
3903.31
4442.61
4708.14
4440.91
3791.46
3469.70
3958.98
3772.41
2936.92
2305.73
2055.23
2049.18
2022.62
1955.46
1875.09
1838.13
1845.55
1877.87
1928.95
1934.89
1966.46
2061.19
2174.61
3280.53
3980.69
4445.34
4497.41
3894.60
3081.52
2637.54
2971.02
3205.96
2833.03
2177.58
1911.10
1658.53
1408.53
1188.88
954.69
808.21
747.82
685.21
638.14
588.98
543.11
659.84
2578.53
3367.89
4213.08
4770.32
4956.06
4528.28
3783.41
3479.41
2910.44
2811.81
2456.27
2044.92
1246.97
1020.46
834.82
696.75
584.25
564.21
621.49
679.17
736.93
795.66
854.12
791.19
1774.40
1636.55
1771.99
2027.82
2219.41
2262.79
2200.07
2137.25
1237.00
926.13
718.46
672.51
542.81
413.78
235.36
157.85
157.82
157.79
157.77
157.74
157.72
157.70
157.68
157.66
688.07
2216.40
3162.82
3720.16
3901.69
3501.55
2778.09
2393.58
2037.71
2298.56
1918.37
1294.51
907.30
709.87
587.19
531.96
476.73
452.18
458.29
469.43
469.41
505.94
542.91
548.76
2063.27
2540.43
2994.71
3155.99
3257.75
3276.84
3029.14
2810.40
2186.41
2144.24
1665.02
1319.87
900.86
840.47
807.48
716.68
630.61
635.72
703.46
768.68
833.77
902.92
972.57
984.49
2761.45
3126.64
3785.25
4272.41
4421.85
4072.94
3383.81
3024.34
2591.00
2713.77
2304.10
1881.54
1515.41
1520.60
1440.63
1157.87
900.64
775.30
809.39
843.61
878.09
912.70
947.30
1009.83
1133.77
2215.83
2482.79
2799.90
3060.25
3128.63
3078.18
3038.47
2777.19
1772.57
1213.92
931.90
674.44
424.82
268.18
225.23
182.28
157.73
157.71
157.69
157.67
157.66
157.65
203.97
396.81
599.20
1323.00
2058.44
2337.86
2137.09
1493.94
1120.75
1367.92
1818.43
1570.57
1301.31
1083.05
879.72
691.29
573.64
457.53
405.05
467.64
550.16
616.72
700.68
785.35
858.43
1951.64
2663.04
3401.61
4055.90
4435.15
4275.18
3733.61
3422.40
2947.05
2994.64
2755.90
2061.69
1665.66
1379.47
1222.49
1229.01
1234.01
1244.87
1262.04
1279.93
1338.78
1379.99
1397.35
1443.46
3091.99
3530.23
4088.71
4470.09
4714.14
4706.94
4581.21
4558.15
3698.80
3524.30
3310.98
2592.23
2342.61
2228.72
2095.72
1953.96
1814.91
1714.75
1659.08
1603.68
1590.98
1560.93
1505.76
1665.10
3408.87
3772.44
4012.64
3896.36
3791.60
3864.51
4024.53
4060.02
3246.50
3183.92
2949.40
2290.58
1763.64
1613.76
1424.84
1186.68
954.60
813.48
775.58
758.74
704.29
666.75
650.20
750.29
2590.42
3461.60
4280.09
4655.04
4649.56
4281.15
3765.97
3498.15
2999.56
3211.00
2996.63
2617.52
1917.21
1882.91
1693.51
1475.56
1262.74
1060.68
949.81
837.96
707.76
593.56
477.81
525.82
1859.46
2321.80
3082.85
3788.98
4195.13
4001.59
3318.62
2873.21
2351.85
2391.77
1840.45
1169.52
806.88
599.82
575.53
657.06
739.27
739.24
694.10
649.42
588.02
527.08
481.99
512.90
730.84
1958.03
2407.80
2798.63
2931.65
2788.15
2467.19
2324.55
2274.88
1825.79
1154.65
1053.48
995.75
1008.52
1059.17
1181.26
1294.26
1250.81
1114.05
1017.54
882.55
712.19
580.74
545.37
672.96
887.61
1040.94
1176.97
1918.18
2143.18
1850.38
1567.20
1759.71
1766.21
1355.49
1187.00
1143.22
1164.85
1155.34
1089.82
1042.56
985.77
844.41
705.17
604.82
469.95
339.15
433.77
1891.16
3079.26
4049.54
4626.88
4852.72
4621.60
4130.81
3978.89
3446.48
3480.02
2972.55
2255.55
1766.54
1680.37
1624.12
1580.67
1557.26
1557.00
1575.26
1569.54
1545.56
1563.74
1582.94
1646.90
3087.16
3262.36
3443.49
3399.91
3348.14
3331.64
3374.43
3404.94
2521.81
2372.35
1839.00
1855.96
1921.65
1989.92
1901.26
1706.51
1540.14
1430.72
1394.66
1358.54
1322.56
1286.89
1251.90
1275.98
2821.46
3428.68
4174.90
4719.20
4960.33
4783.50
4256.36
3807.03
3137.95
3299.30
2997.57
2380.01
1881.37
1785.98
1674.25
1518.68
1363.19
1241.61
1113.00
965.11
820.16
698.21
578.35
699.68
2717.97
3820.83
4825.37
5320.70
5435.92
5075.39
4350.03
3838.18
3277.14
3468.73
3273.31
2912.70
2139.11
2036.10
1889.69
1701.36
1583.35
1478.69
1346.74
1199.65
1076.21
950.33
826.75
741.84
1680.04
1683.26
1906.49
2290.30
2692.11
2914.23
2961.83
2894.73
1964.11
1750.90
1289.44
648.25
558.13
492.20
337.47
201.29
157.82
157.79
157.77
157.74
157.72
157.69
157.67
157.65
255.76
926.03
2173.73
2930.95
3302.90
3134.61
2510.33
2146.57
2309.69
1878.26
1105.24
930.71
741.40
624.00
463.80
275.79
176.89
157.78
157.75
157.72
157.70
157.68
163.80
317.10
611.46
905.85
1873.92
2441.36
2556.90
2506.89
1903.23
1384.41
1493.98
1626.86
1169.12
1144.53
1121.63
1007.11
874.80
735.83
588.95
432.61
242.03
157.77
157.75
157.73
157.71
298.75
1431.30
2715.45
3741.14
4437.36
4788.76
4638.53
3971.06
3518.30
2877.27
2718.32
2089.20
1023.05
259.23
157.98
157.92
157.87
157.83
157.79
157.76
157.73
157.71
157.69
157.67
157.66
1306.21
3082.81
4212.93
4730.88
4899.27
4682.53
4089.57
3691.21
3158.90
3308.19
3018.82
2097.47
1596.33
1240.37
949.09
670.14
382.06
314.62
507.42
703.01
719.22
577.01
436.53
613.70
1904.85
2507.85
3264.52
4147.36
4888.60
5057.12
4713.70
4440.34
3522.90
3203.34
2633.64
1666.97
1346.86
959.08
471.98
184.97
157.76
157.73
157.70
157.67
157.65
157.63
157.61
291.24
1763.87
3155.50
4393.99
5082.43
5279.40
4962.76
4479.93
4167.28
3121.40
2771.38
2167.35
1901.81
1490.67
910.35
463.63
369.85
280.89
181.56
157.66
157.64
157.62
157.61
157.59
183.89
813.86
3184.45
3658.89
4455.80
4931.95
4549.81
3846.58
3556.23
2901.91
3193.16
3318.25
2231.66
1226.47
789.54
593.26
390.85
201.39
157.76
286.49
518.64
757.83
865.64
858.71
855.04
843.15
2164.99
2455.60
2772.80
2850.15
2795.88
2543.95
2220.66
2313.57
1975.54
1373.91
1320.54
1052.75
649.80
302.86
157.74
157.71
157.69
157.66
157.64
157.62
157.60
157.59
157.57
304.74
600.82
858.04
1884.44
1871.82
1958.34
2002.53
1985.42
1711.10
1439.55
1178.87
973.79
814.26
657.11
377.12
218.97
157.63
157.60
157.58
157.56
157.54
157.52
157.50
157.48
167.67
1089.53
2295.15
3070.53
3525.17
3628.95
2809.07
2337.17
1696.68
1664.54
1183.55
740.15
157.88
157.83
157.77
157.72
157.68
157.64
157.61
157.58
157.56
157.54
157.52
157.49
218.80
1454.97
2411.20
2959.15
3223.15
3375.56
3395.29
3027.91
2246.42
2094.33
1413.12
881.37
250.61
157.77
157.72
157.67
157.63
157.60
157.57
157.55
157.52
157.50
157.47
157.44
175.14
1561.96
3086.93
3801.05
4092.01
3982.58
3446.47
3084.33
2513.31
2446.11
1894.98
1317.23
1016.66
715.65
382.72
174.73
157.67
157.63
157.60
157.58
157.56
157.55
157.52
157.50
413.01
2085.35
3171.59
3826.86
4021.13
3925.19
3430.89
2924.37
2117.42
1796.34
993.82
576.04
503.13
360.21
157.67
157.64
157.62
157.59
157.57
157.55
157.52
157.50
157.47
157.44
157.42
1331.73
2516.42
3212.42
3555.44
3488.04
2981.25
2616.95
1920.54
1740.63
1147.84
901.65
283.23
157.71
157.67
157.63
157.59
157.55
157.52
157.50
157.48
157.47
157.45
157.43
157.42
415.00
1312.53
2148.88
2377.54
2191.97
1797.89
1660.90
1579.41
1232.71
1124.28
867.66
236.26
157.64
157.59
157.55
157.52
157.49
157.46
157.43
157.41
157.39
157.37
157.35
170.96
463.98
709.33
1763.65
2130.45
2021.84
1360.25
1120.54
1016.34
841.41
825.49
560.05
172.93
157.68
157.63
157.59
157.56
157.53
157.51
157.49
157.47
157.46
157.45
251.44
438.47
590.52
775.36
2811.22
2314.59
2515.71
2602.28
2630.27
1357.70
1234.22
1110.01
907.58
646.78
274.20
157.50
157.48
157.46
157.43
157.41
157.39
157.38
157.37
157.36
170.73
423.99
693.05
872.63
2882.72
2294.11
2649.13
2934.76
2986.97
2101.55
1786.52
1349.03
987.61
541.56
190.41
157.51
203.74
397.38
345.77
157.43
157.42
157.41
157.40
157.38
157.38
234.35
502.76
2024.47
1957.20
2133.86
2411.63
2742.92
2966.63
2312.67
2383.74
1668.27
1265.87
661.96
196.64
157.50
157.47
157.44
157.42
157.40
157.38
157.36
157.35
157.33
157.32
191.04
1896.30
3261.25
3759.62
3981.52
4008.38
3406.66
2761.88
1912.34
1574.11
922.40
601.65
247.89
157.56
157.53
157.49
157.47
157.44
157.42
157.40
157.39
157.38
157.38
218.70
335.22
451.74
2016.80
2124.64
2595.76
2915.26
3062.75
3141.73
1860.60
1728.02
1657.86
1179.62
475.02
157.49
157.46
157.44
157.42
157.40
157.38
157.37
157.36
157.34
157.33
157.32
193.06
599.96
922.92
1078.08
1222.16
2521.05
2498.26
2263.20
2417.43
1922.04
1675.73
1295.43
654.18
183.11
157.52
157.48
157.46
157.43
157.41
157.39
157.38
157.36
157.34
157.32
157.31
347.52
999.06
1462.65
1917.15
3268.17
2159.04
1679.13
1580.77
1474.24
1309.23
978.59
374.79
157.60
157.56
157.52
157.49
157.46
157.44
157.42
157.40
157.39
157.37
157.35
157.33
157.33
1088.44
2170.17
2994.93
3472.58
3167.54
2802.25
2234.00
2229.49
1813.66
1705.55
1281.57
852.33
519.57
296.01
160.14
157.55
230.58
419.40
504.34
499.57
494.82
594.29
735.94
860.69
2846.83
2578.39
2910.80
3103.62
3158.25
3118.31
1829.96
1470.70
1409.25
1295.79
1178.07
1059.88
946.66
812.66
683.41
579.23
463.75
347.04
314.31
366.03
417.92
508.52
574.49
2307.02
2825.64
3429.16
3860.46
3802.03
3162.11
2554.44
1639.20
1217.84
734.19
409.14
162.78
157.63
157.59
157.55
159.91
182.03
157.50
157.50
157.48
157.47
157.46
157.45
162.89
261.69
1223.80
1686.91
2149.72
2342.44
2253.63
2092.33
1021.32
685.05
566.68
431.17
185.59
157.56
157.53
157.51
157.49
157.46
157.45
157.43
157.42
157.41
157.40
157.39
157.38
157.38
688.84
1205.01
1443.42
1851.60
2077.77
2004.36
1051.47
625.50
368.56
183.23
157.53
157.49
157.46
157.42
157.40
157.37
157.35
157.33
157.32
157.30
157.28
157.26
157.26
157.25
167.49
304.47
811.81
1366.16
1177.90
845.52
706.61
304.62
162.88
157.42
157.39
157.37
157.34
157.31
157.29
157.27
157.25
157.24
157.23
157.23
157.22
157.22
187.88
249.22
322.83
414.85
506.89
568.26
598.96
629.66
543.83
341.46
174.52
157.47
157.43
157.39
157.35
157.32
157.29
157.26
157.23
157.21
157.19
157.17
157.15
157.14
157.13
157.13
1095.45
2217.84
2797.65
2709.04
1971.97
1184.60
402.82
286.32
179.33
157.49
157.45
157.40
157.36
157.32
157.29
157.26
157.23
157.21
157.19
157.17
157.15
157.14
157.13
157.13
236.87
446.57
1909.62
1712.22
1434.31
1114.22
267.66
194.06
157.26
157.25
157.23
157.22
157.20
157.19
157.18
157.16
157.16
157.15
157.14
157.14
157.14
166.04
225.27
275.91
360.20
496.50
1900.52
1769.96
1673.27
1593.48
500.75
499.80
465.10
448.98
467.60
485.33
502.86
502.86
503.09
450.79
328.77
208.98
157.20
157.20
157.20
157.19
157.19
157.19
1021.97
1629.04
2025.47
2169.64
1837.31
1376.78
525.39
280.12
157.47
157.45
157.41
157.36
157.33
157.30
157.27
157.25
157.22
157.20
157.19
157.17
157.17
157.16
157.15
157.15
157.15
157.15
157.16
157.16
157.16
157.16
157.15
157.14
157.13
157.11
157.10
157.09
157.07
157.06
157.03
157.01
156.98
156.96
156.93
156.91
156.89
156.88
156.86
156.86
156.87
156.90
156.92
156.95
156.97
156.98
156.98
156.97
156.96
156.95
156.93
156.92
156.91
156.90
156.89
156.88
156.87
156.87
156.86
156.86
156.86
156.86
156.86
156.86
156.87
182.95
414.49
524.92
475.90
426.87
298.11
160.48
157.07
157.06
157.04
157.02
157.01
157.00
156.99
156.98
156.98
156.97
156.97
156.97
156.97
156.96
156.96
156.96
156.97
156.98
157.01
739.76
797.69
685.43
187.82
157.18
157.19
157.17
157.14
157.11
157.09
157.07
157.05
157.03
157.02
157.00
156.99
156.97
156.96
156.95
156.94
156.95
469.61
1179.82
1314.94
1254.69
1137.26
1130.53
279.86
158.57
157.20
157.18
157.16
157.13
157.10
157.07
157.04
157.01
156.99
156.97
156.95
156.93
156.91
156.90
156.89
156.90
617.24
1340.64
1770.83
1970.75
1731.19
1284.92
420.95
191.00
157.26
157.23
157.19
157.15
157.11
157.09
157.06
157.04
157.03
157.02
157.01
157.00
156.99
156.98
156.96
156.97
156.97
157.00
977.83
1223.38
1365.33
1323.33
552.09
319.06
157.23
157.21
157.17
157.14
157.11
157.08
157.06
157.03
157.01
156.99
156.97
156.94
156.92
156.91
156.90
156.89
726.31
1755.81
2343.82
2516.34
2130.43
1590.81
506.79
230.83
157.22
157.19
157.16
157.13
157.10
157.08
157.06
157.05
157.05
157.04
157.03
157.02
157.02
157.01
157.01
157.01
157.02
157.03
161.81
206.12
255.20
279.75
230.71
159.87
157.15
157.14
157.12
157.10
157.08
157.06
157.04
157.03
157.01
157.00
156.99
156.97
156.96
156.95
156.94
156.94
222.39
463.66
715.17
862.43
905.42
948.41
839.10
590.53
334.83
157.33
157.29
157.25
157.22
157.19
157.17
157.15
157.13
157.11
157.10
157.09
157.07
157.06
157.05
159.77
1020.30
2148.49
2798.65
3088.20
2690.62
2210.05
765.15
450.73
192.67
157.38
157.34
157.31
157.27
157.25
157.23
157.21
157.19
157.18
157.17
157.16
157.16
157.16
157.15
157.16
1972.28
2461.18
2938.94
3028.44
2730.59
2242.00
995.40
654.86
203.50
157.46
157.42
157.38
157.34
157.31
157.28
157.25
157.23
157.21
157.19
157.18
157.16
157.14
157.12
157.12
831.39
1976.70
2789.93
3097.36
3000.72
2723.27
1223.47
582.23
178.25
157.43
157.38
157.34
157.30
157.28
157.25
157.22
157.19
157.17
157.16
157.14
157.13
157.11
157.10
157.10
1531.31
2502.82
2970.03
3006.53
2606.24
2041.73
590.17
316.91
157.45
157.41
157.36
157.32
157.28
157.24
157.22
157.19
157.17
157.15
157.14
157.13
157.13
157.12
157.12
157.12
157.13
1593.52
1741.93
1860.31
1608.93
1281.21
261.59
157.33
157.32
157.29
157.26
157.22
157.20
157.18
157.16
157.14
157.13
157.12
157.11
157.10
157.09
157.08
157.07
157.07
157.07
157.08
195.25
249.11
187.80
157.16
157.17
157.17
157.16
157.15
157.13
157.12
157.11
157.09
157.09
157.08
157.07
157.07
157.06
157.06
157.05
157.04
157.04
157.03
157.04
157.04
157.06
157.08
157.09
157.10
157.11
157.11
157.11
157.10
157.09
157.08
157.07
157.06
157.06
157.05
157.04
157.04
157.03
157.03
157.02
157.02
157.02
157.02
157.02
157.03
157.04
157.06
157.07
157.08
157.08
157.08
157.08
157.07
157.06
157.06
157.05
157.05
157.04
157.03
157.03
157.02
157.01
157.00
156.99
156.98
156.97
156.97
156.99
1076.24
1340.99
1538.55
1388.92
1006.67
341.23
181.80
157.26
157.23
157.20
157.16
157.12
157.10
157.07
157.05
157.03
157.02
157.00
156.99
156.97
156.96
156.94
156.94
156.95
1166.44
1561.85
1789.10
1658.38
1354.63
371.88
163.21
157.23
157.20
157.16
157.12
157.09
157.06
157.04
157.02
157.00
156.98
156.97
156.95
156.93
156.92
156.91
156.91
156.93
1219.46
1690.48
2026.47
1669.29
1074.85
189.41
157.23
157.21
157.18
157.13
157.10
157.06
157.03
157.01
156.98
156.96
156.94
156.93
156.91
156.90
156.89
156.87
156.87
156.88
156.88
156.90
156.93
156.95
156.97
156.98
156.98
156.98
156.97
156.96
156.95
156.94
156.94
156.93
156.92
156.91
156.91
156.91
156.90
156.90
156.90
156.90
156.90
156.90
156.91
156.93
156.95
156.96
156.98
156.99
156.99
156.99
156.98
156.97
156.97
156.96
156.96
156.96
156.95
156.95
156.95
156.95
156.94
156.94
156.94
156.94
156.94
156.94
156.95
156.96
156.98
156.99
157.01
157.01
157.02
157.01
157.01
157.00
157.00
156.99
156.98
156.98
156.97
156.97
156.96
156.95
156.95
156.94
156.93
156.92
156.92
156.92
156.94
156.95
156.97
156.99
157.01
157.02
157.03
157.02
157.02
157.00
156.99
156.98
156.97
156.96
156.96
156.95
156.94
156.93
156.93
156.92
156.90
156.89
156.89
156.90
156.93
978.81
919.40
836.20
428.64
157.05
157.05
157.04
157.02
157.00
156.98
156.96
156.94
156.93
156.93
156.93
156.92
156.91
156.89
156.88
156.86
156.85
156.84
156.85
876.70
1489.00
1697.64
1477.67
1073.43
258.26
157.09
157.08
157.04
157.00
156.97
156.94
156.91
156.89
156.87
156.84
156.82
156.80
156.78
156.77
156.75
156.73
156.73
156.74
891.70
1450.32
1625.39
1452.59
1095.28
322.29
157.06
157.05
157.00
156.96
156.92
156.88
156.84
156.81
156.79
156.77
156.75
156.73
156.71
156.69
156.67
156.65
156.65
156.66
841.47
1475.90
1738.29
1568.16
1208.55
402.29
157.00
156.98
156.94
156.90
156.86
156.83
156.80
156.77
156.75
156.74
156.74
156.75
156.75
156.75
156.76
156.76
156.76
156.77
156.78
156.80
156.82
156.83
156.84
156.84
156.84
156.83
156.83
156.82
156.81
156.81
156.80
156.80
156.79
156.79
156.78
156.78
156.77
156.77
156.77
156.78
156.79
156.81
156.84
156.87
156.91
156.94
156.97
156.98
156.97
156.96
156.93
156.91
156.89
156.86
156.85
156.84
156.83
156.83
156.82
156.81
156.80
156.78
156.77
156.77
156.78
451.05
1232.92
1425.37
1236.98
859.18
416.70
157.09
157.08
157.04
156.99
156.95
156.92
156.89
156.86
156.85
156.84
156.83
156.82
156.82
156.81
156.81
156.79
156.79
156.79
156.79
156.81
156.82
156.85
156.87
156.91
156.92
156.91
156.89
156.86
156.84
156.83
156.82
156.82
156.81
156.81
156.80
156.78
156.77
156.75
156.74
156.73
156.73
156.73
156.74
521.65
1049.90
864.43
457.95
202.83
156.97
156.95
156.90
156.86
156.82
156.78
156.75
156.72
156.69
156.67
156.65
156.63
156.61
156.58
156.56
156.54
156.54
156.54
156.57
1155.82
1089.60
872.36
492.70
243.07
156.78
156.76
156.73
156.69
156.65
156.62
156.59
156.56
156.54
156.52
156.49
156.48
156.46
156.44
156.43
156.41
156.40
156.40
156.44
1140.08
1220.42
990.84
645.40
342.28
156.74
156.72
156.68
156.64
156.61
156.58
156.55
156.53
156.51
156.49
156.48
156.46
156.45
156.44
156.44
156.43
156.43
156.44
156.46
156.49
156.53
156.58
156.63
156.66
156.68
156.67
156.64
156.62
156.60
156.59
156.58
156.58
156.58
156.57
156.57
156.57
156.57
156.57
156.57
156.57
156.57
156.57
156.58
156.59
156.61
156.63
156.64
156.64
156.65
156.65
156.64
156.64
156.63
156.63
156.62
156.62
156.62
156.61
156.61
156.61
156.61
156.61
156.61
156.61
156.61
156.62
156.63
156.64
156.66
156.67
156.69
156.70
156.71
156.71
156.70
156.70
156.69
156.69
156.68
156.68
156.66
156.65
156.64
156.63
156.62
156.61
156.59
156.58
156.57
156.58
156.61
702.08
967.36
696.39
303.81
156.78
156.79
156.78
156.74
156.71
156.68
156.66
156.63
156.61
156.59
156.57
156.56
156.56
156.56
156.56
156.56
156.56
156.55
156.56
156.56
156.57
156.59
156.60
156.61
156.62
156.62
156.61
156.61
156.61
156.60
156.60
156.59
156.59
156.59
156.58
156.58
156.58
156.57
156.57
156.57
156.57
156.57
156.57
156.58
156.59
156.61
156.62
156.63
156.63
156.63
156.63
156.62
156.62
156.61
156.61
156.61
156.61
156.61
156.60
156.60
156.60
156.60
156.60
156.59
156.58
156.57
156.58
156.60
156.64
1217.41
704.95
363.69
162.23
156.79
156.77
156.75
156.71
156.69
156.66
156.64
156.62
156.60
156.58
156.56
156.55
156.53
156.51
156.50
156.48
156.47
156.48
156.51
156.55
156.60
156.65
156.70
156.72
156.73
156.71
156.68
156.64
156.61
156.58
156.55
156.53
156.51
156.48
156.46
156.45
156.43
156.41
156.40
156.39
156.39
156.38
156.40
156.43
156.48
156.52
156.55
156.58
156.59
156.58
156.56
156.53
156.51
156.48
156.45
156.43
156.41
156.39
156.37
156.36
156.34
156.33
156.31
156.30
156.29
156.30
156.33
156.37
851.54
688.73
351.62
159.25
156.57
156.57
156.55
156.53
156.51
156.48
156.46
156.43
156.41
156.39
156.38
156.36
156.34
156.32
156.30
156.30
156.29
156.29
156.32
156.37
903.39
719.08
355.70
158.01
156.56
156.55
156.51
156.48
156.45
156.42
156.39
156.37
156.35
156.34
156.32
156.31
156.29
156.27
156.27
156.26
156.25
156.24
156.24
156.25
156.27
156.29
156.31
156.33
156.34
156.35
156.33
156.32
156.30
156.28
156.26
156.24
156.23
156.22
156.21
156.21
156.20
156.19
156.19
156.19
156.19
156.20
156.22
156.25
161.06
1198.90
424.48
179.30
156.40
156.41
156.40
156.39
156.39
156.37
156.36
156.33
156.31
156.29
156.27
156.26
156.26
156.25
156.25
156.26
156.28
156.30
156.32
156.35
795.65
759.44
434.71
194.17
156.47
156.47
156.47
156.45
156.43
156.41
156.39
156.37
156.36
156.35
156.34
156.34
156.34
156.34
156.35
156.35
156.35
156.35
156.35
156.38
156.41
156.45
156.48
156.50
156.51
156.50
156.48
156.47
156.46
156.45
156.45
156.44
156.44
156.44
156.44
156.43
156.43
156.42
156.42
156.41
156.41
156.41
156.41
156.41
156.41
156.42
156.42
156.42
156.43
156.42
156.42
156.42
156.41
156.41
156.40
156.40
156.39
156.39
156.38
156.38
156.38
156.38
156.37
156.37
156.37
156.37
156.37
156.38
156.38
156.38
156.38
156.39
156.38
156.38
156.38
156.38
156.38
156.38
156.39
156.38
156.38
156.38
156.38
156.38
156.38
156.38
156.38
156.38
156.38
156.39
156.40
156.41
156.42
156.43
156.44
156.45
156.45
156.45
156.45
156.45
156.44
156.44
156.44
156.44
156.43
156.43
156.42
156.42
156.41
156.41
156.41
156.41
156.41
156.40
156.41
156.42
156.44
156.46
156.47
156.47
156.47
156.47
156.46
156.46
156.45
156.45
156.45
156.44
156.44
156.43
156.42
156.41
156.40
156.38
156.36
156.34
156.32
156.32
156.34
156.38
156.43
156.48
156.52
156.55
156.56
156.54
156.51
156.47
156.44
156.40
156.38
156.35
156.34
156.32
156.32
156.33
156.34
156.35
156.35
156.35
156.35
156.35
156.36
156.38
156.41
156.45
156.47
156.48
156.48
156.48
156.46
156.45
156.44
156.44
156.43
156.43
156.43
156.42
156.42
156.41
156.41
156.41
156.41
156.41
156.41
156.41
156.41
156.41
156.42
156.43
156.44
156.44
156.45
156.45
156.44
156.43
156.43
156.43
156.42
156.42
156.41
156.41
156.40
156.40
156.40
156.40
156.40
156.39
156.39
156.39
156.40
156.41
156.43
156.44
156.45
156.45
156.45
156.45
156.45
156.44
156.43
156.43
156.43
156.42
156.41
156.39
156.38
156.36
156.35
156.33
156.31
156.29
156.28
156.27
156.27
156.27
156.28
156.29
156.30
156.31
156.31
156.30
156.29
156.28
156.27
156.26
156.25
156.23
156.22
156.20
156.19
156.17
156.15
156.14
156.12
156.10
156.09
156.09
156.11
156.13
156.17
156.21
156.24
156.26
156.27
156.26
156.23
156.21
156.19
156.17
156.14
156.13
156.11
156.10
156.09
156.08
156.07
156.06
156.05
156.04
156.04
156.04
156.06
156.10
156.15
156.20
156.24
156.27
156.28
156.26
156.24
156.21
156.19
156.16
156.14
156.13
156.11
156.10
156.08
156.07
156.06
156.05
156.04
156.03
156.03
156.03
156.05
156.09
156.13
156.18
156.21
156.24
156.25
156.24
156.22
156.19
156.16
156.14
156.12
156.11
156.09
156.08
156.07
156.06
156.05
156.05
156.05
156.04
156.05
156.05
156.06
156.10
156.14
156.19
156.22
156.25
156.25
156.24
156.22
156.19
156.16
156.14
156.13
156.11
156.10
156.08
156.07
156.06
156.05
156.05
156.04
156.04
156.05
156.05
156.07
156.10
156.15
156.19
156.22
156.24
156.25
156.25
156.24
156.23
156.22
156.20
156.20
156.19
156.19
156.18
156.18
156.18
156.18
156.18
156.19
156.19
156.20
156.20
156.21
156.23
156.24
156.26
156.27
156.28
156.28
156.28
156.27
156.27
156.27
156.27
156.26
156.26
156.26
156.26
156.25
156.24
156.24
156.23
156.23
156.23
156.22
156.23
156.24
156.26
156.29
156.33
156.35
156.36
156.36
156.34
156.32
156.31
156.29
156.29
156.28
156.27
156.27
156.26
156.26
156.26
156.25
156.25
156.25
156.25
156.25
156.25
156.25
156.26
156.27
156.28
156.29
156.30
156.30
156.30
156.30
156.30
156.29
156.29
156.28
156.28
156.27
156.26
156.26
156.25
156.23
156.22
156.22
156.22
156.21
156.22
156.22
156.23
156.24
156.25
156.26
156.27
156.27
156.27
156.26
156.26
156.26
156.26
156.25
156.26
156.26
156.26
156.26
156.26
156.26
156.25
156.25
156.25
156.25
156.25
156.26
156.28
156.31
156.34
156.36
156.39
156.40
156.40
156.38
156.36
156.35
156.34
156.33
156.33
156.32
156.32
156.32
156.31
156.30
156.29
156.27
156.25
156.24
156.23
156.24
156.27
156.31
156.35
156.37
156.39
156.38
156.35
156.32
156.29
156.27
156.25
156.23
156.21
156.20
156.19
156.18
156.17
156.16
156.15
156.14
156.14
156.15
156.15
156.15
156.17
156.19
156.20
156.21
156.22
156.22
156.22
156.22
156.22
156.22
156.21
156.21
156.21
156.21
156.20
156.20
156.20
156.20
156.20
156.20
156.20
156.20
156.20
156.20
156.21
156.22
156.23
156.24
156.25
156.25
156.25
156.25
156.25
156.25
156.25
156.24
156.24
156.24
156.23
156.23
156.22
156.21
156.20
156.19
156.18
156.18
156.18
156.18
156.20
156.22
156.24
156.26
156.28
156.28
156.28
156.28
156.27
156.26
156.26
156.25
156.25
156.26
156.26
156.26
156.25
156.25
156.25
156.24
156.24
156.23
156.23
156.24
156.26
156.29
156.33
156.36
156.39
156.40
156.39
156.38
156.37
156.35
156.33
156.31
156.29
156.28
156.26
156.25
156.25
156.23
156.22
156.20
156.19
156.19
156.19
156.21
156.24
156.28
156.33
156.36
156.39
156.40
156.39
156.37
156.34
156.32
156.30
156.27
156.26
156.25
156.23
156.23
156.21
156.20
156.19
156.18
156.16
156.16
156.16
156.17
156.21
156.25
156.29
156.32
156.35
156.35
156.34
156.31
156.29
156.26
156.24
156.23
156.21
156.20
156.20
156.20
156.20
156.19
156.19
156.18
156.18
156.18
156.18
156.18
156.20
156.21
156.23
156.24
156.25
156.26
156.26
156.26
156.26
156.26
156.26
156.26
156.26
156.26
156.26
156.27
156.27
156.27
156.27
156.26
156.26
156.25
156.25
156.26
156.27
156.29
156.32
156.33
156.35
156.36
156.37
156.37
156.37
156.37
156.38
156.38
156.38
156.38
156.38
156.38
156.39
156.39
156.38
156.37
156.36
156.35
156.34
156.34
156.35
156.37
156.38
156.40
156.41
156.42
156.42
156.42
156.42
156.42
156.41
156.40
156.39
156.39
156.39
156.39
156.39
156.40
156.40
156.38
156.37
156.35
156.35
156.35
156.38
156.41
156.44
156.47
156.49
156.49
156.47
156.44
156.40
156.36
156.34
156.31
156.29
156.27
156.26
156.24
156.23
156.22
156.20
156.19
156.17
156.16
156.16
156.17
156.19
156.23
156.27
156.30
156.32
156.32
156.30
156.27
156.24
156.21
156.19
156.17
156.14
156.12
156.11
156.09
156.09
156.09
156.09
156.09
156.09
156.09
156.08
156.09
156.09
156.10
156.11
156.11
156.12
156.13
156.13
156.12
156.12
156.12
156.11
156.10
156.09
156.07
156.06
156.04
156.03
156.01
156.00
155.98
155.97
155.97
155.97
155.99
156.02
156.07
156.11
156.14
156.16
156.17
156.16
156.15
156.13
156.12
156.11
156.10
156.09
156.09
156.08
156.07
156.06
156.05
156.05
156.03
156.03
156.03
156.03
156.04
156.06
156.09
156.12
156.15
156.17
156.18
156.19
156.18
156.18
156.18
156.18
156.18
156.17
156.17
156.16
156.15
156.14
156.13
156.12
156.11
156.10
156.10
156.11
156.12
156.16
156.20
156.24
156.28
156.30
156.31
156.30
156.29
156.28
156.26
156.23
156.21
156.18
156.16
156.14
156.12
156.11
156.09
156.07
156.06
156.04
156.03
156.03
156.04
156.07
156.11
156.16
156.19
156.21
156.22
156.20
156.17
156.15
156.12
156.11
156.09
156.07
156.06
156.05
156.03
156.02
156.00
155.98
155.96
155.95
155.94
155.93
155.94
155.97
156.01
156.05
156.08
156.10
156.10
156.09
156.06
156.04
156.02
155.99
155.97
155.95
155.94
155.93
155.91
155.90
155.89
155.88
155.87
155.87
155.86
155.86
155.86
155.89
155.93
155.97
156.01
156.03
156.04
156.03
156.00
156.00
156.00
155.99
155.97
155.95
155.94
155.92
155.91
155.91
155.91
155.91
155.92
155.92
155.93
155.94
155.94
155.95
155.97
155.98
155.99
156.00
156.00
156.00
156.00
155.99
155.99
155.98
155.98
155.97