1446.97
1427.82
1425.11
1436.97
1445.05
1446.65
1080.99
823.46
1159.64
1249.51
1402.65
1442.48
1272.96
1455.05
1408.68
1349.43
1156.84
1199.99
914.99
941.81
946.27
843.30
719.39
1303.07
1348.45
1393.09
1442.01
1481.56
1489.65
1499.65
1160.46
912.40
1223.99
1310.50
1439.84
1464.97
1284.33
1452.21
1391.74
1332.61
1141.29
1178.39
864.35
898.03
929.82
818.66
693.33
1269.95
1314.55
1370.17
1424.12
1473.43
1516.16
1561.19
1255.05
1046.57
1373.56
1480.85
1619.91
1630.40
1407.99
1504.02
1383.21
1303.43
1140.37
1194.22
917.32
967.62
1009.48
915.29
791.51
1372.87
1427.65
1492.01
1561.42
1600.82
1613.50
1625.81
1296.27
1135.80
1085.00
1046.69
834.45
636.68
528.91
527.62
495.76
651.24
1134.52
1828.09
2174.72
2109.94
2104.52
2160.94
2275.27
2393.49
2511.59
2472.87
2433.19
2427.42
2430.98
2505.70
2532.92
2389.39
2152.70
1896.03
1565.00
1246.15
1160.13
1259.98
1341.50
1426.33
1584.76
1668.81
1697.41
1697.98
1689.57
1671.34
1655.42
1638.82
1580.72
1604.09
1627.32
1624.18
1620.05
1615.76
1254.07
1009.23
1227.19
1338.38
1508.98
1564.95
1422.53
1670.74
1545.43
1568.89
1786.54
2057.51
1893.84
2011.92
2076.66
1992.52
1901.79
2521.99
2649.88
2656.58
2502.14
2429.84
2411.88
2398.69
2046.59
1818.68
1938.52
1946.69
1955.19
1919.70
1695.95
1905.98
1797.59
1667.06
1510.30
1824.40
1687.89
1620.15
1558.80
1413.96
1284.20
1859.01
1895.45
1916.26
1931.03
2006.65
2134.74
2260.49
1926.62
1559.99
1649.96
1712.31
1867.74
1863.53
1703.71
1916.70
1856.78
1757.20
1513.83
1522.34
1190.21
1203.66
1195.99
1071.50
935.87
1497.84
1505.34
1506.35
1505.91
1492.47
1474.00
1456.70
1110.10
885.84
1237.48
1327.19
1450.14
1469.27
1281.90
1447.89
1394.42
1374.30
1263.41
1455.27
1290.09
1461.61
1632.72
1621.75
1544.24
2164.08
2224.81
2257.19
2287.60
2282.12
2230.50
2173.17
1794.84
1609.04
1662.30
1606.41
1616.00
1659.33
1578.28
1665.98
1527.94
1454.09
1312.85
1440.39
1380.31
1462.82
1531.78
1429.93
1251.77
1784.29
1826.07
1791.28
1656.28
1692.21
1831.94
1977.14
1669.91
1469.50
1404.77
1360.18
1216.41
1065.24
906.46
914.60
925.70
984.97
1055.71
1419.24
1570.52
1488.26
1527.75
1592.88
1696.99
1807.61
2025.00
2167.86
2251.81
2332.75
2436.56
2453.16
2295.26
2075.67
1746.13
1376.50
982.94
630.72
548.68
650.11
945.02
1284.80
1594.63
1761.83
1847.10
1972.37
2073.43
2154.54
2245.28
2330.39
2361.18
2447.74
2536.18
2518.70
2445.30
2406.47
1983.99
1649.39
1667.76
1669.67
1708.30
1658.54
1452.69
1612.01
1556.00
1500.91
1252.82
1326.17
1185.75
1254.50
1353.11
1337.52
1258.38
1887.96
1955.58
2002.20
2049.86
2111.02
2187.01
2272.68
1948.88
1680.05
1765.83
1768.11
1759.45
1737.85
1497.11
1730.60
1616.28
1385.74
1071.30
853.88
875.98
1027.94
1166.36
1157.93
1117.18
1782.96
1808.03
1730.07
1651.41
1708.71
1886.56
2064.26
1766.94
1449.20
1617.53
1675.21
1909.87
2012.83
1852.73
2005.43
1899.38
1826.19
1501.31
1287.60
1041.58
1231.05
1423.22
1402.27
1298.59
1897.68
1899.62
1853.66
1798.61
1773.19
1781.85
1796.69
1470.96
1253.20
1635.39
1738.20
1924.09
1989.90
1826.96
2025.29
1955.03
1852.98
1494.87
1221.75
924.19
1113.46
1176.07
1107.51
1036.79
1613.77
1688.43
1820.57
1961.71
2079.16
2135.26
2195.30
1853.81
1557.42
1793.95
1861.29
1995.29
2078.84
1957.18
2169.36
2083.48
1989.33
1673.46
1447.26
1237.21
1422.99
1499.25
1455.59
1384.53
2017.49
2087.67
2124.13
2151.15
2196.68
2246.04
2301.27
1866.35
1582.02
1500.35
1364.19
1119.34
1105.25
1057.75
1088.67
1054.09
1055.60
1175.33
1701.52
1955.57
1916.31
2023.08
2078.21
2082.03
2078.43
2103.24
2044.14
1976.49
1963.06
1992.90
2020.72
1987.03
1888.89
1676.10
1303.50
783.21
391.30
344.75
376.17
734.60
991.42
1215.00
1315.47
1351.19
1353.49
1357.92
1357.11
1340.75
1335.92
1270.80
1263.16
1263.70
1325.88
1466.01
1602.70
1292.34
988.90
1174.26
1217.32
1420.28
1455.84
1182.91
1260.59
1184.90
1124.30
980.32
717.04
784.86
1070.20
1202.78
1194.55
1134.45
1775.15
1832.72
1843.12
1849.81
1879.03
1917.01
1955.60
1621.21
1419.35
1576.95
1502.84
1678.65
1740.26
1518.80
1600.59
1460.89
1357.51
1054.66
884.23
880.18
1014.17
1103.06
1020.93
871.20
1413.51
1411.63
1397.49
1374.91
1351.35
1316.13
1285.07
930.38
719.08
1190.63
1307.80
1552.80
1670.81
1504.81
1625.51
1473.11
1319.55
1042.39
892.09
810.12
1025.45
1153.24
1123.26
1047.41
1678.14
1722.98
1739.18
1757.24
1758.46
1750.24
1752.22
1355.02
1020.05
1324.07
1369.72
1504.20
1523.44
1332.56
1480.39
1406.78
1341.84
1091.16
986.59
769.74
810.53
841.54
748.31
629.22
1214.99
1230.66
1250.08
1294.03
1290.04
1270.40
1265.85
904.89
645.60
1066.54
1200.95
1451.40
1563.61
1471.94
1732.14
1736.27
1616.34
1242.54
1114.61
989.78
1109.28
1071.58
1023.22
1024.47
1714.86
1827.21
1898.73
1898.30
1952.22
2072.40
2192.46
1790.35
1421.62
1133.80
1033.86
1213.13
1346.56
1384.40
1441.58
1381.49
1399.22
1447.36
1772.02
2127.92
1996.19
1914.92
1895.32
1950.84
1934.75
2006.73
2068.09
2129.30
2195.00
2253.00
2311.55
2254.35
2068.18
1766.27
1466.60
1161.21
1110.50
1166.20
1219.27
1206.01
1573.69
2001.32
2234.76
2338.75
2357.94
2370.89
2330.58
2368.18
2509.49
2490.87
2463.56
2440.34
2451.71
2493.57
2538.53
2103.80
1571.88
1636.36
1831.10
2155.55
2339.22
2235.06
2382.13
2203.09
2040.77
1714.35
1558.36
1612.10
1773.05
1861.04
1817.04
1725.92
2347.19
2404.55
2419.56
2438.00
2476.51
2536.10
2598.77
2206.56
1793.19
1827.14
1880.45
2079.25
2144.44
1971.87
2143.93
2044.77
1923.51
1637.98
1443.13
1318.89
1327.45
1321.71
1180.99
1004.23
1531.94
1536.66
1568.54
1590.18
1589.78
1601.78
1610.67
1271.31
1029.94
1371.11
1476.07
1646.03
1700.65
1509.59
1663.25
1574.69
1492.68
1281.78
1347.59
1061.01
1072.57
1081.98
958.50
812.82
1373.38
1399.48
1416.09
1431.43
1432.64
1417.04
1401.43
1052.27
831.59
1200.35
1312.95
1504.29
1568.56
1403.50
1574.27
1511.89
1456.22
1232.85
1282.45
972.83
981.56
982.88
846.82
682.90
1222.92
1223.61
1226.55
1215.90
1183.35
1125.01
1064.46
740.03
510.67
919.10
1066.58
1254.90
1325.01
1200.67
1435.54
1456.38
1434.89
1208.18
1256.76
959.54
966.62
971.49
873.84
788.98
1435.47
1549.66
1632.61
1670.19
1662.39
1634.63
1592.49
1219.21
1077.73
1086.59
1129.79
1124.70
1110.22
1038.54
1109.06
1144.33
1233.95
1330.31
1700.38
1859.04
1719.68
1657.84
1607.99
1560.97
1500.00
1541.03
1554.46
1566.09
1582.35
1611.21
1642.79
1652.98
1646.24
1553.85
1487.82
1418.68
1352.11
1327.82
1335.77
1362.31
1430.62
1560.82
1607.08
1598.18
1577.07
1554.10
1553.91
1570.46
1595.81
1563.40
1581.39
1597.55
1596.81
1595.36
1575.58
1214.37
930.07
1173.25
1305.08
1561.40
1673.45
1555.05
1737.27
1657.63
1547.09
1192.57
946.92
931.47
1131.70
1267.76
1222.43
1077.19
1635.06
1613.28
1559.50
1490.09
1456.17
1475.56
1489.35
1165.42
939.03
1340.06
1393.26
1488.42
1485.32
1270.17
1409.88
1309.26
1224.19
1032.35
785.38
592.74
614.66
625.02
527.10
432.36
1045.74
1111.38
1150.18
1187.28
1221.45
1232.25
1244.99
935.08
751.45
1235.08
1377.92
1592.57
1692.15
1549.91
1734.92
1666.84
1598.00
1336.14
1187.48
1118.39
1236.45
1322.02
1227.89
1041.85
1558.48
1556.66
1578.73
1611.89
1622.00
1638.02
1630.42
1320.86
1147.84
1568.53
1754.89
2083.54
2242.77
2095.87
2250.53
2133.18
2054.63
1795.83
1615.03
1443.00
1490.42
1463.21
1376.77
1341.65
2017.72
2043.35
1945.79
1849.44
1827.78
1880.35
1933.40
1617.28
1372.47
1736.38
1866.58
2074.94
2164.49
2040.30
2223.62
2133.57
2038.60
1768.18
1727.24
1480.47
1489.85
1488.72
1394.32
1297.09
1902.06
1998.52
2114.35
2229.51
2312.02
2380.10
2443.69
2059.76
1758.70
1546.74
1278.72
1236.84
1290.95
1230.61
1177.12
1080.46
1070.20
1118.53
1327.33
1640.34
1566.10
1577.76
1588.42
1593.64
1607.36
1696.36
1736.99
1780.96
1811.48
1831.88
1861.93
1874.61
1852.89
1706.58
1397.27
1181.56
1250.80
1289.90
1257.21
1221.46
1240.66
1694.25
1914.22
2049.80
2110.92
2140.05
2148.99
2102.72
2057.21
2002.50
2058.77
2114.13
2118.74
2074.07
2021.64
1628.28
1326.60
1602.48
1710.85
1855.48
1900.68
1743.12
1917.05
1809.77
1694.02
1392.66
1198.42
1084.56
1159.89
1217.82
1128.11
1019.70
1621.40
1655.42
1667.03
1682.17
1686.53
1685.91
1685.14
1330.58
1087.13
1418.74
1523.99
1739.99
1823.97
1680.80
1871.03
1788.28
1659.63
1269.83
954.96
905.02
1101.63
1287.29
1281.79
1199.36
1827.03
1821.94
1721.76
1622.69
1561.12
1550.85
1538.83
1154.00
870.80
1230.11
1390.54
1726.69
1917.36
1824.70
2003.69
1890.71
1809.14
1570.75
1384.51
1183.88
1157.49
1113.20
981.44
867.86
1449.51
1482.42
1498.45
1507.06
1517.51
1522.25
1502.61
1177.55
961.74
1345.31
1442.14
1626.66
1703.25
1586.23
1793.60
1681.70
1555.57
1190.51
934.07
830.60
1105.77
1272.29
1213.68
1022.48
1538.96
1586.45
1723.37
1848.28
1933.12
1966.54
2005.56
1582.98
1127.04
1348.26
1424.60
1742.03
1944.99
1912.65
2140.53
2013.48
1875.25
1498.69
1228.04
937.67
1009.24
1100.35
1076.19
952.22
1530.64
1601.52
1748.64
1876.29
1961.06
2018.42
2069.29
1665.40
1337.72
1060.05
1104.91
1266.26
1369.18
1336.52
1322.60
1234.35
1182.97
1216.59
1372.50
1468.98
1630.79
1736.54
1825.96
1865.42
1902.68
1987.58
2005.31
2012.94
1978.74
1905.07
1827.91
1753.61
1660.86
1365.73
940.60
773.42
810.48
860.58
875.51
832.82
848.86
1064.77
1324.44
1447.21
1534.73
1641.17
1701.29
1738.38
1768.24
1766.34
1843.53
1922.16
1959.76
1956.28
1958.73
1489.38
987.25
1231.51
1386.75
1734.72
1815.78
1523.46
1824.06
1825.98
1770.79
1395.72
1030.29
729.95
797.32
852.32
799.38
805.53
1472.16
1589.65
1715.45
1820.45
1878.52
1917.43
1956.56
1523.75
1058.05
1541.57
1825.04
2278.02
2136.75
2020.17
2202.24
2144.63
2043.54
1570.33
1140.90
748.64
685.36
587.72
411.54
250.54
784.53
791.62
816.09
830.02
945.71
1017.44
951.06
582.01
359.23
1051.77
1209.80
1428.61
1547.38
1492.68
1757.66
1678.28
1526.51
1072.35
701.15
397.90
502.72
734.55
818.00
803.74
1481.66
1508.13
1423.12
1322.46
1323.06
1434.58
1518.32
1182.97
867.77
1406.05
1565.63
1886.22
2054.99
1863.14
1946.54
1769.60
1602.20
1149.22
817.00
505.70
573.33
640.29
529.97
345.47
849.06
987.73
1320.08
1659.08
1743.13
1564.47
1345.46
897.72
656.88
1261.89
1370.65
1548.45
1610.07
1445.78
1621.58
1562.69
1486.91
1163.48
897.57
701.39
790.07
833.42
750.27
659.76
1267.40
1317.44
1355.30
1369.25
1452.42
1618.67
1777.52
1461.71
1182.00
937.48
937.43
1071.18
1166.72
1141.62
1153.23
1070.23
1036.57
1107.35
1346.93
1479.46
1632.60
1711.05
1807.55
1933.15
2058.87
2188.12
2204.30
2152.93
2040.94
1868.53
1637.47
1550.33
1586.20
1480.79
1308.64
997.31
806.45
819.98
851.64
1055.89
1240.06
1458.06
1621.28
1761.13
1848.39
1905.83
2005.44
2131.85
2248.11
2276.76
2314.09
2350.14
2355.90
2334.63
2312.33
1917.93
1573.04
1784.81
1960.75
2231.05
2290.68
2087.60
2195.71
2039.68
1959.43
1613.12
1342.06
1142.43
1410.98
1530.55
1488.51
1383.62
1980.27
1985.96
1942.01
1895.37
1766.86
1628.73
1596.01
1263.30
1026.60
1507.15
1647.85
1899.78
1984.64
1827.33
1995.80
1899.07
1808.17
1497.28
1185.67
956.45
999.45
956.11
792.23
625.98
1174.71
1196.48
1235.86
1273.20
1312.97
1346.07
1351.41
993.74
737.91
1212.30
1319.27
1503.75
1560.85
1382.57
1546.16
1469.35
1389.30
1093.55
831.77
671.49
714.00
725.82
623.17
519.68
1114.11
1145.26
1153.60
1160.29
1187.39
1242.54
1307.17
939.10
579.41
1122.52
1267.73
1484.74
1573.56
1485.90
1723.17
1633.49
1533.78
1144.67
809.80
514.40
591.39
851.93
897.93
844.63
1486.47
1577.31
1657.10
1728.79
1678.49
1504.77
1319.31
844.14
492.75
1108.32
1304.75
1597.35
1737.55
1651.94
1856.31
1753.26
1660.85
1295.17
980.92
686.91
707.33
763.40
828.44
807.58
1463.07
1542.84
1601.61
1647.38
1696.73
1750.36
1814.76
1334.18
776.58
519.69
640.59
855.37
1011.47
992.59
961.04
867.50
842.11
846.22
1003.29
822.44
940.96
1206.95
1343.59
1419.72
1490.19
1580.46
1586.59
1590.57
1621.93
1690.76
1756.63
1676.95
1391.45
932.51
552.04
537.98
526.19
438.31
303.72
246.46
225.03
332.79
618.74
837.08
1049.18
1244.41
1425.35
1541.03
1640.78
1652.76
1683.70
1716.06
1721.60
1713.11
1701.54
1216.80
692.45
1174.29
1327.78
1598.78
1387.29
1259.05
1434.59
1388.25
1320.57
998.57
624.38
302.77
333.81
424.29
527.65
404.84
1077.67
1210.36
1289.82
1370.84
1455.43
1545.54
1632.43
1156.55
530.49
935.51
1007.77
1251.35
1372.25
1194.07
1248.67
1190.21
1164.01
957.66
624.38
288.53
312.91
325.41
213.51
113.62
748.72
1015.78
1146.32
1259.70
1297.96
1283.89
1243.23
758.73
341.24
881.92
1003.11
1184.90
1245.50
1083.51
1280.85
1214.17
1133.22
957.66
650.65
323.58
328.78
332.16
219.54
90.34
476.58
517.59
533.29
546.32
559.58
571.34
582.50
457.01
291.37
881.92
1003.11
1315.92
1252.66
1109.28
1251.01
1184.90
1124.30
957.66
624.38
281.24
307.29
323.02
219.14
160.45
780.20
821.61
830.41
830.16
877.58
967.58
1056.52
622.72
291.35
881.92
1003.11
1247.51
1245.50
1140.49
1301.51
1217.28
1138.63
957.66
624.38
275.95
284.10
289.93
172.49
41.31
139.62
306.72
355.54
395.51
421.89
433.99
444.60
314.70
128.64
309.19
427.44
668.69
765.79
685.15
618.70
486.91
447.43
443.07
591.23
425.99
420.00
580.48
630.29
604.43
570.03
640.94
678.56
703.96
738.14
766.59
782.30
789.43
733.94
494.36
304.82
413.15
521.46
545.47
481.95
355.86
330.49
367.06
400.73
772.85
1046.54
1153.90
1151.40
1228.16
1324.16
1368.53
1454.10
1525.01
1203.25
934.27
1059.44
732.10
409.25
1134.72
1470.53
1690.40
1726.13
1594.98
1739.38
1655.73
1601.06
1332.19
1007.11
695.41
736.19
728.42
683.99
627.79
1245.24
1365.05
1440.68
1519.09
1459.42
1420.22
1473.73
1008.34
581.15
1223.95
1432.11
1816.67
1687.81
1647.00
1772.47
1668.98
1605.31
1337.06
976.98
621.32
665.16
681.03
595.69
588.55
1217.34
1301.23
1395.24
1481.68
1511.61
1362.65
1437.14
1200.48
803.83
1508.91
1702.60
1891.11
1927.26
1795.58
1951.17
1842.82
1778.27
1511.98
1163.88
818.10
829.08
796.10
698.30
687.82
1287.68
1228.42
1073.64
940.45
895.40
931.70
973.84
636.68
489.28
1232.39
1385.11
1579.28
1457.32
1205.85
1310.31
1190.19
1124.30
957.66
624.38
279.17
300.08
319.98
292.52
223.10
888.84
986.76
1068.27
1146.62
1239.36
1302.58
1357.48
891.48
467.14
1065.13
1198.01
1466.48
1317.82
1185.02
1328.22
1243.04
1231.94
1107.01
793.47
530.91
623.35
716.92
613.87
523.93
809.40
1106.98
1187.63
1206.64
1242.70
1251.84
1228.80
745.78
342.34
557.79
753.10
877.41
577.91
550.22
485.79
387.35
369.28
392.71
495.56
202.45
135.87
187.41
208.10
287.05
390.09
540.87
652.04
759.47
868.95
1009.52
1122.92
960.44
506.94
57.35
87.17
285.93
178.30
156.31
49.73
18.42
18.42
18.42
25.34
60.00
192.04
362.56
439.64
484.47
614.33
771.99
968.85
1207.10
1277.47
1185.15
1106.24
685.68
537.51
1334.38
1514.12
1562.27
1705.20
1571.11
1733.97
1664.20
1620.87
1367.34
1007.18
675.53
719.51
757.63
623.92
447.65
945.10
996.42
1112.62
1210.10
1228.46
1157.52
1070.01
627.67
547.83
1418.26
1611.57
1809.00
1756.46
1538.42
1719.04
1661.74
1610.08
1365.27
979.28
641.21
710.16
763.73
731.96
710.14
1311.96
1369.71
1428.21
1480.80
1482.10
1499.92
1626.90
1186.35
675.86
1355.06
1531.30
1482.26
1574.11
1419.53
1633.59
1588.82
1506.47
1183.95
823.77
461.11
457.49
444.29
341.86
236.98
791.24
973.51
1032.38
1083.63
1162.82
1246.73
1316.80
827.94
499.55
1205.51
1391.60
1270.58
1366.09
1179.46
1337.48
1265.68
1223.29
1054.44
705.41
334.93
302.49
287.09
171.95
42.03
196.77
470.92
655.03
809.67
927.97
1036.35
1135.02
601.89
274.04
881.92
1003.11
1184.90
1245.50
1078.86
1245.50
1184.90
1124.30
957.66
624.38
275.95
275.95
279.47
169.45
37.19
180.78
574.24
789.09
959.37
1143.85
1313.87
1449.79
799.23
248.77
478.98
539.84
633.81
628.80
542.66
537.11
507.67
483.76
440.09
526.73
167.04
57.02
82.55
213.35
285.88
343.17
462.50
625.32
906.55
1076.88
1172.40
1250.34
1130.39
817.57
431.48
242.68
139.29
69.32
56.16
59.37
88.32
183.50
347.34
450.13
526.84
578.14
611.06
635.95
654.31
673.00
631.34
639.75
651.88
676.57
714.62
752.32
637.33
376.45
881.92
1103.04
1281.73
1323.81
1153.55
1313.50
1252.03
1213.36
957.66
628.87
326.95
389.08
538.14
543.07
429.14
1013.96
986.51
891.56
804.50
769.65
776.48
788.58
580.17
298.09
889.53
1191.41
1471.77
1347.83
1326.76
1575.34
1593.02
1547.29
1232.56
806.18
421.31
479.18
529.92
605.10
695.80
1281.59
1235.42
1344.37
1448.93
1492.25
1469.00
1438.83
1000.90
648.73
1382.38
1491.97
1632.72
1630.87
1438.77
1426.43
1490.19
1435.49
1089.89
723.43
350.60
395.61
446.61
340.94
280.57
927.07
1020.83
1098.26
1170.32
1245.67
1291.07
1317.33
846.98
565.41
1349.85
1546.16
1485.60
1609.65
1435.28
1581.72
1501.13
1392.74
1051.02
624.38
275.95
297.61
344.14
244.36
66.42
320.26
392.37
459.28
577.92
795.03
929.72
1076.65
632.86
377.39
1146.53
1307.10
1320.92
1515.25
1406.23
1633.92
1633.16
1740.84
1753.27
1536.54
1278.37
1335.23
1352.33
1192.99
1052.12
1292.64
1477.85
1557.79
1590.95
1623.31
1634.78
1643.48
1175.10
359.52
583.08
1337.65
1469.89
1216.18
1174.86
1130.38
1002.58
1003.16
1022.46
1106.16
648.84
307.98
167.51
288.19
352.64
410.39
456.69
438.77
483.34
513.55
530.49
546.60
541.95
498.66
358.44
261.98
181.52
127.41
109.34
130.49
187.89
277.10
445.70
556.59
632.12
669.17
682.29
692.95
703.10
712.82
664.00
669.59
677.39
684.80
691.36
697.69
559.03
308.41
881.92
1003.11
1184.90
1245.50
1078.86
1245.50
1184.90
1124.30
957.66
647.16
322.78
328.31
340.55
268.10
174.47
587.69
641.18
686.73
1065.40
1309.95
1465.77
1543.26
1249.22
750.87
1106.44
1271.42
1507.70
1277.97
1209.94
1449.04
1377.35
1312.30
1050.68
672.67
275.95
275.95
292.40
181.21
49.01
190.15
350.23
382.89
411.74
447.13
477.82
504.90
404.37
285.28
881.92
1003.11
1184.90
1306.73
1291.35
1524.12
1482.49
1439.68
994.24
624.38
277.42
292.06
304.00
186.60
53.65
226.13
379.06
425.94
476.17
661.46
781.03
765.21
484.06
294.11
963.15
1073.10
1295.42
1340.12
1090.43
1337.77
1315.12
1282.35
1023.42
645.09
275.95
282.57
293.06
180.04
47.76
191.36
358.46
424.38
435.20
458.02
540.50
615.37
408.69
283.31
948.73
1191.99
1401.00
1414.86
1194.06
1325.03
1233.48
1134.09
957.66
624.38
282.78
302.52
314.94
198.70
68.50
397.29
678.75
804.32
969.08
1150.07
1248.96
1365.86
1189.81
843.04
500.41
470.55
567.74
813.88
621.52
800.65
765.21
759.54
772.82
955.62
618.91
518.65
602.87
926.83
1047.41
1111.19
1225.37
1324.47
1415.11
1500.50
1545.44
1536.42
1519.17
1327.39
843.30
709.14
836.52
938.38
804.84
797.43
714.05
566.30
594.94
605.82
514.75
500.29
599.13
874.32
972.11
1000.74
957.32
998.40
1068.35
1131.39
1158.41
1145.61
797.94
490.96
1200.81
1368.83
1275.38
1340.05
1131.96
1305.52
1296.62
1298.50
1190.08
919.20
596.83
601.59
658.38
606.05
464.08
531.95
552.97
644.85
739.24
827.03
805.13
716.64
317.13
264.78
921.96
1328.83
1248.22
1337.33
1123.71
1254.69
1184.90
1124.30
957.66
624.38
275.95
275.95
275.95
154.76
18.42
37.36
49.82
59.52
97.56
164.84
201.60
227.50
118.14
260.80
881.92
1285.53
1584.85
1635.64
1571.78
1766.87
1667.25
1554.86
1338.56
932.43
474.21
360.10
278.22
154.76
18.42
39.29
63.00
143.97
210.62
249.90
273.08
277.34
148.42
260.80
881.92
1003.11
1184.90
1245.50
1078.86
1245.50
1184.90
1124.30
957.66
624.38
275.95
275.95
282.92
164.55
29.80
91.15
246.34
288.54
317.58
343.84
367.31
389.66
279.89
266.55
881.92
1003.11
1184.90
1245.50
1078.86
1245.50
1348.69
1124.30
957.66
624.38
275.95
275.95
278.05
168.06
40.21
116.44
279.79
314.97
330.63
345.13
365.31
391.84
285.20
110.66
309.37
427.44
457.74
457.74
604.30
417.44
532.73
579.55
597.85
746.21
412.90
243.13
177.98
195.49
257.40
300.31
397.05
429.77
450.88
470.44
490.28
509.84
523.92
508.19
380.42
273.55
167.62
82.73
53.31
48.53
48.53
48.97
58.46
110.77
288.67
476.58
600.24
663.73
763.36
942.28
1034.09
1115.45
1141.33
1156.65
1185.61
1265.51
983.12
609.83
1171.66
1266.22
1399.52
1363.48
1109.01
1273.80
1300.67
1338.37
957.66
624.38
275.95
275.95
292.86
193.48
65.76
366.07
415.31
415.29
438.01
460.87
500.47
559.32
472.90
284.15
1011.25
1258.45
1189.64
1245.50
1078.86
1245.50
1184.90
1124.30
957.66
624.38
275.95
275.95
275.95
162.80
31.90
89.30
299.08
483.75
620.50
716.14
752.41
763.26
418.39
317.13
1086.13
1232.15
1189.10
1277.41
1136.75
1322.00
1293.59
1264.71
1145.38
863.93
474.34
384.65
327.46
180.89
71.36
322.80
628.18
719.33
764.93
807.75
843.44
892.99
578.67
507.29
1304.61
1419.20
1423.40
1556.88
1436.77
1624.44
1524.83
1430.43
1270.35
952.27
571.50
541.76
494.91
339.72
183.39
319.55
485.97
540.56
496.12
422.91
447.80
595.73
375.16
433.16
1272.78
1344.17
1434.25
1482.43
1303.65
1431.25
1289.05
1141.99
957.66
624.38
275.95
275.95
275.95
154.76
18.42
37.92
60.34
171.27
315.03
395.47
359.54
423.82
231.06
48.94
306.25
427.44
457.74
457.74
366.85
366.85
351.70
351.70
351.70
351.70
154.76
18.42
23.31
43.28
66.74
182.06
303.65
362.50
413.85
528.73
685.24
716.06
715.54
470.59
41.70
18.42
18.42
18.42
18.42
18.42
18.42
18.42
18.42
18.42
18.42
18.42
35.81
59.03
155.06
233.89
226.04
265.44
300.72
334.57
365.74
395.19
269.86
260.80
881.92
1003.11
1184.90
1245.50
1078.86
1245.50
1184.90
1124.30
957.66
624.38
275.95
275.95
275.95
154.76
18.42
102.56
198.84
416.00
509.96
589.09
616.27
605.00
271.50
302.13
1296.71
1402.33
1561.03
1555.09
1342.70
1476.34
1400.31
1322.69
1069.17
672.09
303.35
275.95
275.95
154.76
18.42
31.92
61.91
411.90
473.35
490.38
518.02
545.41
230.89
260.80
947.80
1062.64
1198.94
1258.01
1093.33
1302.42
1292.72
1279.82
1192.84
941.03
636.10
595.20
514.31
371.29
191.06
179.16
86.39
63.59
262.22
424.33
518.91
547.55
206.98
421.11
1238.29
1421.88
1415.18
1411.60
1137.74
1271.97
1224.67
1172.25
1033.52
728.13
369.00
295.02
275.95
154.76
18.42
18.42
31.05
35.39
43.61
54.24
107.28
144.57
45.69
260.80
881.92
1003.11
1184.90
1245.50
1078.86
1245.50
1184.90
1124.30
957.66
624.38
275.95
275.95
275.95
154.76
18.42
51.60
91.22
171.70
208.69
241.03
267.78
286.43
164.89
44.69
306.25
427.44
457.74
457.74
366.85
366.85
351.70
351.70
351.70
351.70
167.16
74.80
221.85
265.17
276.18
288.46
364.30
395.89
435.17
473.76
487.20
470.55
427.09
319.89
94.53
27.74
18.42
18.42
18.42
18.42
18.42
18.42
18.42
18.42
18.42
33.50
94.13
296.47
356.28
369.48
319.77
335.82
366.36
397.37
413.40
408.21
257.96
260.80
881.92
1003.11
1184.90
1245.50
1078.86
1245.50
1184.90
1124.30
957.66
624.38
275.95
275.95
275.95
159.61
26.46
111.52
274.19
309.04
330.51
349.69
361.02
369.86
238.62
260.80
881.92
1003.11
1184.90
1245.50
1078.86
1245.50
1184.90
1124.30
957.66
624.38
275.95
275.95
275.95
154.76
18.42
58.97
180.16
267.63
297.96
321.69
326.69
340.88
217.98
260.80
881.92
1003.11
1184.90
1245.50
1078.86
1245.50
1184.90
1124.30
957.66
624.38
275.95
275.95
275.95
154.76
18.42
55.81
96.29
187.69
222.63
245.20
266.97
288.35
167.29
260.80
881.92
1003.11
1184.90
1245.50
1078.86
1245.50
1184.90
1124.30
957.66
624.38
275.95
275.95
275.95
156.13
24.27
70.96
204.21
268.50
305.45
338.87
368.55
396.50
245.74
260.80
881.92
1003.11
1184.90
1245.50
1078.86
1245.50
1184.90
1124.30
957.66
624.38
275.95
275.95
275.95
154.76
18.42
37.71
64.88
185.37
243.50
292.07
317.66
318.58
146.10
27.00
306.25
427.44
457.74
457.74
366.85
366.85
351.70
351.70
351.70
351.70
154.76
18.42
22.22
33.46
37.97
48.06
147.26
215.82
241.79
265.07
279.92
287.51
242.60
77.69
18.42
18.42
18.42
18.42
18.42
18.42
18.42
18.42
18.42
95.80
56.29
25.50
18.42
37.23
60.09
192.92
201.96
248.79
284.39
318.02
333.70
329.69
140.65
260.80
881.92
1003.11
1184.90
1245.50
1078.86
1245.50
1184.90
1124.30
957.66
624.38
275.95
275.95
275.95
154.76
18.42
18.42
20.27
27.67
31.11
34.18
38.50
65.92
28.29
260.80
881.92
1003.11
1184.90
1245.50
1078.86
1245.50
1184.90
1124.30
957.66
624.38
275.95
275.95
275.95
154.76
18.42
22.66
37.65
57.94
123.12
149.61
166.69
177.12
40.37
260.80
881.92
1003.11
1184.90
1245.50
1078.86
1245.50
1184.90
1124.30
957.66
624.38
275.95
275.95
275.95
154.76
18.42
18.42
30.36
33.61
39.97
85.63
134.58
126.91
27.10
260.80
881.92
1003.11
1184.90
1245.50
1078.86
1245.50
1184.90
1124.30
957.66
624.38
275.95
275.95
275.95
154.76
18.42
18.42
28.62
31.67
33.07
34.25
38.29
48.86
25.89
260.80
881.92
1003.11
1184.90
1245.50
1078.86
1245.50
1184.90
1124.30
957.66
624.38
275.95
275.95
275.95
154.76
18.42
18.42
21.52
29.11
30.99
32.34
33.58
37.04
24.29
18.42
306.25
427.44
457.74
457.74
366.85
366.85
351.70
351.70
351.70
351.70
154.76
18.42
18.42
18.42
19.94
24.95
30.28
31.82
33.85
41.20
80.80
107.13
111.37
69.82
24.05
18.42
18.42
18.42
18.42
18.42
18.42
18.42
18.42
18.42
31.14
88.50
226.55
276.58
304.60
329.73
293.77
312.17
331.90
350.62
363.96
371.06
231.48
260.80
881.92
1003.11
1184.90
1245.50
1078.86
1245.50
1184.90
1124.30
957.66
624.38
275.95
275.95
275.95
154.76
18.42
48.14
168.15
222.93
249.37
272.46
291.88
307.35
171.34
260.80
881.92
1003.11
1184.90
1245.50
1078.86
1245.50
1184.90
1124.30
957.66
624.38
275.95
275.95
275.95
154.76
18.42
31.65
58.06
175.47
229.17
272.71
298.84
310.09
120.67
260.80
881.92
1003.11
1184.90
1245.50
1078.86
1245.50
1184.90
1124.30
957.66
624.38
275.95
275.95
275.95
154.76
18.42
21.17
36.06
41.96
119.75
178.86
209.49
212.99
47.41
260.80
881.92
1003.11
1184.90
1245.50
1078.86
1245.50
1184.90
1124.30
957.66
624.38
275.95
275.95
275.95
154.76
18.42
18.42
18.42
27.60
31.45
34.87
42.01
90.17
27.04
260.80
881.92
1003.11
1184.90
1245.50
1078.86
1245.50
1184.90
1124.30
957.66
624.38
275.95
275.95
275.95
154.76
18.42
18.42
18.42
21.56
27.12
29.58
30.94
30.58
18.42
18.42
306.25
427.44
457.74
457.74
366.85
366.85
351.70
351.70
351.70
351.70
154.76
18.42
18.42
18.42
18.42
18.42
22.25
27.06
28.18
29.25
30.56
32.70
29.04
18.42
18.42
18.42
18.42
18.42
18.42
18.42
18.42
18.42
18.42
18.42
18.42
18.42
18.42
18.42
18.42
20.15
24.37
27.47
28.43
29.20
32.37
38.56
19.64
260.80
881.92
1003.11
1184.90
1245.50
1078.86
1245.50
1184.90
1124.30
957.66
624.38
275.95
275.95
275.95
154.76
18.42
18.42
18.42
21.16
24.77
26.36
27.67
28.57
18.42
260.80
881.92
1003.11
1184.90
1245.50
1078.86
1245.50
1184.90
1124.30
957.66
624.38
275.95
275.95
275.95
154.76
18.42
18.42
23.95
31.44
32.16
34.68
38.62
40.70
19.77
260.80
881.92
1003.11
1184.90
1245.50
1078.86
1245.50
1184.90
1124.30
957.66
624.38
275.95
296.30
275.95
154.76
18.42
19.63
34.15
59.59
159.56
215.82
242.12
227.83
45.66
260.80
881.92
1003.11
1184.90
1245.50
1078.86
1245.50
1184.90
1124.30
957.66
624.38
275.95
275.95
275.95
154.76
18.42
18.42
25.06
35.03
42.35
135.22
163.18
133.45
24.55
260.80
881.92
1003.11
1184.90
1245.50
1078.86
1245.50
1184.90
1124.30
957.66
624.38
275.95
275.95
275.95
154.76
18.42
18.42
26.37
33.80
37.84
99.32
121.76
70.32
20.13
18.42
306.25
427.44
457.74
457.74
366.85
366.85
351.70
351.70
351.70
351.70
154.76
18.42
18.42
18.42
18.42
18.42
24.95
29.96
31.73
34.26
40.97
39.30
26.10
18.42
18.42
18.42
18.42
18.42
18.42
18.42
18.42
18.42
18.42
18.42
18.42
18.42
18.42
18.42
18.42
18.42
18.42
21.78
23.65
25.27
26.01
24.83
18.42
260.80
881.92
1003.11
1184.90
1245.50
1078.86
1245.50
1184.90
1124.30
957.66
624.38
275.95
275.95
275.95
154.76
18.42
18.42
18.42
18.42
18.42
18.42
18.42
18.42
18.42
260.80
881.92
1003.11
1184.90
1245.50
1078.86
1245.50
1184.90
1124.30
957.66
624.38
275.95
275.95
275.95
154.76
18.42
18.42
18.42
18.42
18.42
18.42
20.66
23.18
18.42
260.80
881.92
1003.11
1184.90
1245.50
1078.86
1245.50
1184.90
1124.30
957.66
624.38
275.95
275.95
275.95
154.76
18.42
18.42
18.42
18.42
18.42
25.09
27.30
25.79
18.42
260.80
881.92
1003.11
1184.90
1245.50
1078.86
1245.50
1184.90
1124.30
957.66
624.38
275.95
275.95
275.95
154.76
18.42
18.42
18.42
18.42
18.42
18.42
18.42
18.42
18.42
260.80
881.92
1003.11
1184.90
1245.50
1078.86
1245.50
1184.90
1124.30
957.66
624.38
275.95
275.95
275.95
154.76
18.42
18.42
18.42
18.42
18.42
21.01
23.03
20.65
18.42
18.42
306.25
427.44
457.74
457.74
366.85
366.85
351.70
351.70
351.70
351.70
154.76
18.42
18.42
18.42
18.42
18.42
18.42
18.42
24.39
29.49
61.57
84.70
33.94
18.42
18.42
18.42
18.42
18.42
18.42
18.42
18.42
18.42
18.42
18.42
18.42
18.42
18.42
18.42
18.42
18.42
18.42
24.29
30.14
81.26
126.48
123.63
19.98
260.80
881.92
1003.11
1184.90
1245.50
1078.86
1245.50
1184.90
1124.30
957.66
624.38
275.95
275.95
275.95
154.76
18.42
18.42
18.42
18.42
25.76
28.65
30.57
27.64
18.42
260.80
881.92
1003.11
1184.90
1245.50
1078.86
1245.50
1184.90
1124.30
957.66
624.38
275.95
275.95
275.95
154.76
18.42
18.42
18.42
18.42
18.42
18.42
18.42
18.42
18.42
260.80
881.92
1003.11
1184.90
1245.50
1078.86
1245.50
1184.90
1124.30
957.66
624.38
275.95
275.95
275.95
154.76
18.42
18.42
18.42
18.42
18.42
18.42
18.42
18.42
18.42
260.80
881.92
1003.11
1184.90
1245.50
1078.86
1245.50
1184.90
1124.30
957.66
624.38
275.95
275.95
275.95
154.76
18.42
18.42
18.42
18.42
18.42
18.42
18.42
20.35
18.42
260.80
881.92
1003.11
1184.90
1245.50
1078.86
1245.50
1184.90
1124.30
957.66
624.38
275.95
275.95
275.95
154.76
18.42
18.42
18.42
18.42
18.42
18.42
20.01
20.04
18.42
18.42
306.25
427.44
457.74
457.74
366.85
366.85
351.70
351.70
351.70
351.70
154.76
18.42
18.42
18.42
18.42
18.42
18.42
18.42
22.72
24.85
26.77
28.11
28.33
23.10
18.42
18.42
18.42
18.42
18.42
18.42
18.42
18.42
18.42
18.42
18.42
18.42
18.42
18.42
18.42
27.26
27.19
35.97
120.18
192.35
230.88
212.98
33.94
260.80
881.92
1003.11
1184.90
1245.50
1078.86
1245.50
1184.90
1124.30
957.66
624.38
275.95
275.95
275.95
154.76
18.42
18.42
20.05
31.07
59.73
150.89
183.91
164.51
22.70
260.80
881.92
1003.11
1184.90
1245.50
1078.86
1245.50
1184.90
1124.30
957.66
624.38
275.95
275.95
275.95
154.76
18.42
18.42
18.42
28.59
37.01
154.60
187.21
123.69
20.04
260.80
881.92
1003.11
1184.90
1245.50
1078.86
1245.50
1184.90
1124.30
957.66
624.38
275.95
275.95
275.95
154.76
18.42
18.42
18.42
18.42
20.60
21.23
22.42
23.57
18.42
260.80
881.92
1003.11
1184.90
1245.50
1078.86
1245.50
1184.90
1124.30
957.66
624.38
275.95
275.95
275.95
154.76
18.42
18.42
28.21
36.06
99.92
172.48
197.05
171.21
25.05
260.80
881.92
1003.11
1184.90
1245.50
1078.86
1245.50
1184.90
1124.30
957.66
624.38
275.95
275.95
275.95
154.76
18.42
18.42
18.42
18.42
18.42
21.74
23.56
23.37
18.42
18.42
306.25
427.44
457.74
457.74
366.85
366.85
351.70
351.70
351.70
351.70
154.76
18.42
18.42
18.42
18.42
18.42
18.42
23.40
26.79
29.60
31.76
32.90
25.52
18.42
18.42
18.42
18.42
18.42
18.42
18.42
18.42
18.42
18.42
18.42
18.42
18.42
18.42
18.42
18.42
18.42
18.42
20.77
25.87
29.69
33.96
31.19
18.42
260.80
881.92
1003.11
1184.90
1245.50
1078.86
1245.50
1184.90
1124.30
957.66
624.38
275.95
275.95
275.95
154.76
18.42
18.42
18.42
18.42
18.42
18.42
18.42
20.20
18.42
260.80
881.92
1003.11
1184.90
1245.50
1078.86
1245.50
1184.90
1124.30
957.66
624.38
275.95
275.95
275.95
154.76
18.42
18.42
18.42
18.42
18.42
18.42
18.42
18.42
18.42
260.80
881.92
1003.11
1184.90
1245.50
1078.86
1245.50
1184.90
1124.30
957.66
624.38
275.95
275.95
275.95
154.76
18.42
18.42
18.42
18.42
18.42
18.42
18.42
18.42
18.42
260.80
881.92
1003.11
1184.90
1245.50
1078.86
1245.50
1184.90
1124.30
957.66
624.38
275.95
275.95
275.95
154.76
18.42
18.42
18.42
18.42
18.42
18.42
18.42
18.42
18.42
260.80
881.92
1003.11
1184.90
1245.50
1078.86
1245.50
1184.90
1124.30
957.66
624.38
275.95
275.95
275.95
154.76
18.42
18.42
18.42
18.42
18.42
18.42
18.42
18.42
18.42
18.42
306.25
427.44
457.74
457.74
366.85
366.85
351.70
351.70
351.70
351.70
154.76
18.42
18.42
18.42
18.42
18.42
18.42
18.42
18.42
18.42
18.42
20.13
18.42
18.42
18.42
18.42
18.42
18.42
18.42
18.42
18.42
18.42
18.42
18.42
18.42
18.42
18.42
18.42
18.42
18.42
18.42
18.42
18.42
18.42
18.42
18.42
18.42
260.80
881.92
1003.11
1184.90
1245.50
1078.86
1245.50
1184.90
1124.30
957.66
624.38
275.95
275.95
275.95
154.76
18.42
18.42
18.42
18.42
18.42
18.42
18.42
18.42
18.42
260.80
881.92
1003.11
1184.90
1245.50
1078.86
1245.50
1184.90
1124.30
957.66
624.38
275.95
275.95
275.95
154.76
18.42
18.42
18.42
18.42
18.42
18.42
18.42
18.42
18.42
260.80
881.92
1003.11
1184.90
1245.50
1078.86
1245.50
1184.90
1124.30
957.66
624.38
275.95
275.95
275.95
154.76
18.42
18.42
18.42
18.42
18.42
18.42
18.42
18.42
18.42
260.80
881.92
1003.11
1184.90
1245.50
1078.86
1245.50
1184.90
1124.30
957.66
624.38
275.95
275.95
275.95
154.76
18.42
18.42
18.42
18.42
18.42
18.42
18.42
18.42
18.42
260.80
881.92
1003.11
1184.90
1245.50
1078.86
1245.50
1184.90
1124.30
957.66
624.38
275.95
275.95
275.95
154.76
18.42
18.42
18.42
18.42
18.42
18.42
18.42
18.42
18.42
18.42
306.25
427.44
457.74
457.74
366.85
366.85
351.70
351.70
351.70
351.70
154.76
18.42
18.42
18.42
18.42
18.42
18.42
18.42
18.42
18.42
18.42
18.42
18.42
18.42
18.42
18.42
18.42
18.42
18.42
18.42
18.42
18.42
18.42
18.42
18.42
18.42
18.42
18.42
18.42
18.42
18.42
18.42
18.42
18.42
18.42
18.42
18.42
260.80
881.92
1003.11
1184.90
1245.50
1078.86
1245.50
1184.90
1124.30
957.66
624.38
275.95
275.95
275.95
154.76
18.42
18.42
18.42
18.42
18.42
18.42
18.42
18.42
18.42
260.80
881.92
1003.11
1184.90
1245.50
1078.86
1245.50
1184.90
1124.30
957.66
624.38
275.95
275.95
275.95
154.76
18.42
18.42
18.42
18.42
18.42
18.42
18.42
18.42
18.42
260.80
881.92
1003.11
1184.90
1245.50
1078.86
1245.50
1184.90
1124.30
957.66
624.38
275.95
275.95
275.95
154.76
18.42
18.42
18.42
18.42
18.42
18.42
18.42
18.42
18.42
260.80
881.92
1003.11
1184.90
1245.50
1078.86
1245.50
1184.90
1124.30
957.66
624.38
275.95
275.95
275.95
154.76
18.42
18.42
18.42
18.42
18.42
18.42
18.42
18.42
18.42
260.80
881.92
1003.11
1184.90
1245.50
1078.86
1245.50
1184.90
1124.30
957.66
624.38
275.95
275.95
275.95
154.76
18.42
18.42
18.42
18.42
18.42
18.42
18.42
18.42
18.42
18.42
306.25
427.44
457.74
457.74
366.85
366.85
351.70
351.70
351.70
351.70
154.76
18.42
18.42
18.42
18.42
18.42
18.42
18.42
18.42
18.42
18.42
18.42
18.42
18.42
18.42
18.42
18.42
18.42
18.42
18.42
18.42
18.42
18.42
18.42
18.42
18.42
18.42
18.42
18.42
18.42
18.42
18.42
18.42
18.42
18.42
18.42
18.42
260.80
881.92
1003.11
1184.90
1245.50
1078.86
1245.50
1184.90
1124.30
957.66
624.38
275.95
275.95
275.95
154.76
18.42
18.42
18.42
18.42
18.42
18.42
18.42
18.42
18.42
260.80
1129.01
1384.50
1629.02
1718.10
1613.25
1760.60
1600.57
1470.62
1276.43
954.20
719.97
724.80
496.16
163.38
18.42
18.42
18.42
18.42
18.42
101.52
66.24
18.42
18.42
260.80
881.92
1003.11
1184.90
1245.50
1078.86
1245.50
1184.90
1124.30
957.66
624.38
275.95
275.95
275.95
154.76
18.42
18.42
18.42
18.42
18.42
18.42
18.42
18.42
18.42
260.80
881.92
1003.11
1184.90
1245.50
1078.86
1245.50
1184.90
1124.30
957.66
624.38
275.95
275.95
275.95
154.76
18.42
18.42
18.42
18.42
18.42
18.42
18.42
18.42
18.42
260.80
881.92
1003.11
1184.90
1245.50
1078.86
1245.50
1184.90
1124.30
957.66
624.38
275.95
275.95
275.95
154.76
18.42
18.42
18.42
18.42
18.42
18.42
18.42
18.42
18.42
18.42
306.25
427.44
457.74
457.74
366.85
366.85
351.70
351.70
351.70
351.70
154.76
18.42
18.42
18.42
18.42
18.42
18.42
18.42
18.42
18.42
18.42
18.42
18.42
18.42
18.42
18.42
18.42
18.42
18.42
18.42
18.42
18.42
18.42
18.42
18.42
18.42
18.42
18.42
18.42
18.42
18.42
18.42
18.42
18.42
18.42
18.42
18.42
260.80
881.92
1003.11
1184.90
1245.50
1078.86
1245.50
1184.90
1124.30
957.66
624.38
275.95
275.95
275.95
154.76
18.42
18.42
18.42
18.42
18.42
18.42
18.42
18.42
18.42
260.80
881.92
1003.11
1184.90
1245.50
1078.86
1245.50
1184.90
1124.30
957.66
624.38
275.95
275.95
275.95
154.76
18.42
18.42
18.42
18.42
18.42
18.42
18.42
18.42
18.42
260.80
881.92
1003.11
1184.90
1245.50
1078.86
1245.50
1184.90
1124.30
957.66
624.38
275.95
275.95
275.95
154.76
18.42
18.42
18.42
18.42
18.42
18.42
18.42
18.42
18.42
260.80
881.92
1003.11
1184.90
1245.50
1078.86
1245.50
1184.90
1124.30
957.66
624.38
275.95
275.95
275.95
154.76
18.42
18.42
18.42
18.42
18.42
18.42
18.42
18.42
18.42
260.80
881.92
1003.11
1184.90
1245.50
1078.86
1245.50
1184.90
1124.30
957.66
624.38
275.95
275.95
275.95
154.76
18.42
18.42
18.42
18.42
18.42
18.42
18.42
18.42
18.42
18.42
306.25
427.44
457.74
457.74
366.85
366.85
351.70
351.70
351.70
351.70
154.76
18.42
18.42
18.42
18.42
18.42
18.42
18.42
18.42
18.42
18.42
18.42
18.42
18.42
18.42
18.42
18.42
18.42
18.42
18.42
18.42
18.42
18.42
18.42
18.42
18.42
18.42
18.42
18.42
18.42
18.42
18.42
18.42
18.42
18.42
18.42
18.42
260.80
881.92
1003.11
1184.90
1245.50
1078.86
1245.50
1184.90
1124.30
957.66
624.38
275.95
275.95
275.95
154.76
18.42
18.42
18.42
18.42
18.42
18.42
18.42
18.42
18.42
260.80
881.92
1003.11
1184.90
1245.50
1078.86
1245.50
1184.90
1124.30
957.66
624.38
275.95
275.95
275.95
154.76
18.42
18.42
18.42
18.42
18.42
18.42
18.42
18.42
18.42
260.80
881.92
1003.11
1184.90
1245.50
1078.86
1245.50
1184.90
1124.30
957.66
624.38
275.95
275.95
275.95
154.76
18.42
18.42
18.42
18.42
18.42
18.42
18.42
18.42
18.42
260.80
881.92
1003.11
1184.90
1245.50
1078.86
1245.50
1184.90
1124.30
957.66
624.38
275.95
275.95
275.95
154.76
18.42
18.42
18.42
18.42
18.42
18.42
18.42
18.42
18.42
260.80
881.92
1003.11
1184.90
1245.50
1078.86
1245.50
1184.90
1124.30
957.66
624.38
275.95
275.95
275.95
154.76
18.42
18.42
18.42
18.42
18.42
18.42
18.42
18.42
18.42
18.42
306.25
427.44
457.74
457.74
366.85
366.85
351.70
351.70
351.70
351.70
154.76
18.42
18.42
18.42
18.42
18.42
18.42
18.42
18.42
18.42
18.42
18.42
18.42
18.42
18.42
18.42
18.42
18.42
18.42
18.42
18.42
18.42
18.42
18.42
18.42
18.42
18.42
18.42
18.42
18.42
18.42
18.42
18.42
18.42
18.42
18.42
18.42
260.80
881.92
1003.11
1184.90
1245.50
1078.86
1245.50
1184.90
1124.30
957.66
624.38
275.95
275.95
275.95
154.76
18.42
18.42
18.42
18.42
18.42
18.42
18.42
18.42
18.42
260.80
881.92
1003.11
1184.90
1245.50
1078.86
1245.50
1184.90
1124.30
957.66
624.38
275.95
275.95
275.95
154.76
18.42
18.42
18.42
18.42
18.42
18.42
18.42
18.42
18.42
260.80
881.92
1003.11
1184.90
1245.50
1078.86
1245.50
1184.90
1124.30
957.66
624.38
275.95
275.95
275.95
154.76
18.42
18.42
18.42
18.42
18.42
18.42
18.42
18.42
18.42
260.80
881.92
1003.11
1184.90
1245.50
1078.86
1245.50
1184.90
1124.30
957.66
624.38
275.95
275.95
275.95
154.76
18.42
18.42
18.42
18.42
18.42
18.42
18.42
18.42
18.42
260.80
881.92
1003.11
1184.90
1245.50
1078.86
1245.50
1184.90
1124.30
957.66
624.38
275.95
275.95
275.95
154.76
18.42
18.42
18.42
18.42
18.42
18.42
18.42
18.42
18.42
18.42
306.25
427.44
457.74
457.74
366.85
366.85
351.70
351.70
351.70
351.70
154.76
18.42
18.42
18.42
18.42
18.42
18.42
18.42
18.42
18.42
18.42
18.42
18.42
18.42
18.42
18.42
18.42
18.42
18.42
18.42
18.42
18.42
18.42
18.42
18.42
18.42
18.42
18.42
18.42
18.42
18.42
18.42
18.42
18.42
18.42
18.42
18.42
260.80
881.92
1003.11
1184.90
1245.50
1078.86
1245.50
1184.90
1124.30
957.66
624.38
275.95
275.95
275.95
154.76
18.42
18.42
18.42
18.42
18.42
18.42
18.42
18.42
18.42
260.80
881.92
1003.11
1184.90
1245.50
1078.86
1245.50
1184.90
1124.30
957.66
624.38
275.95
275.95
275.95
154.76
18.42
18.42
18.42
18.42
18.42
18.42
18.42
18.42
18.42
260.80
881.92
1003.11
1184.90
1245.50
1078.86
1245.50
1184.90
1124.30
957.66
624.38
275.95
275.95
275.95
154.76
18.42
18.42
18.42
18.42
18.42
18.42
18.42
18.42
18.42
260.80
881.92
1003.11
1184.90
1245.50
1078.86
1245.50
1184.90
1124.30
957.66
624.38
275.95
275.95
275.95
154.76
18.42
18.42
18.42
18.42
18.42
18.42
18.42
18.42
18.42
260.80
881.92
1003.11
1184.90
1245.50
1078.86
1245.50
1184.90
1124.30
957.66
624.38
275.95
275.95
275.95
154.76
18.42
18.42
18.42
18.42
18.42
18.42
18.42
18.42
18.42
18.42
306.25
427.44
457.74
457.74
366.85
366.85
351.70
351.70
351.70
351.70
154.76
18.42
18.42
18.42
18.42
18.42
18.42
18.42
18.42
18.42
18.42
18.42
18.42
18.42
18.42
18.42
18.42
18.42
18.42
18.42
18.42
18.42
18.42
18.42
18.42
18.42
18.42
18.42
18.42
18.42
18.42
18.42
18.42
18.42
18.42
18.42
18.42
260.80
881.92
1003.11
1184.90
1245.50
1078.86
1245.50
1184.90
1124.30
957.66
624.38
275.95
275.95
275.95
154.76
18.42
18.42
18.42
18.42
18.42
18.42
18.42
18.42
18.42
260.80
881.92
1003.11
1184.90
1245.50
1078.86
1245.50
1184.90
1124.30
957.66
624.38
275.95
275.95
275.95
154.76
18.42
18.42
18.42
18.42
18.42
18.42
18.42
18.42
18.42
260.80
881.92
1003.11
1184.90
1245.50
1078.86
1245.50
1184.90
1124.30
957.66
624.38
275.95
275.95
275.95
154.76
18.42
18.42
18.42
18.42
18.42
18.42
18.42
18.42
18.42
260.80
881.92
1003.11
1184.90
1245.50
1078.86
1245.50
1184.90
1124.30
957.66
624.38
275.95
275.95
275.95
154.76
18.42
18.42
18.42
18.42
18.42
18.42
18.42
18.42
18.42
260.80
881.92
1003.11
1184.90
1245.50
1078.86
1245.50
1184.90
1124.30
957.66
624.38
275.95
275.95
275.95
154.76
18.42
18.42
18.42
18.42
18.42
18.42
18.42
18.42
18.42
18.42
306.25
427.44
457.74
457.74
366.85
366.85
351.70
351.70
351.70
351.70
154.76
18.42
18.42
18.42
18.42
18.42
18.42
18.42
18.42
18.42
18.42
18.42
18.42
18.42
18.42
18.42
18.42
18.42
18.42
18.42
18.42
18.42
18.42
18.42
18.42
18.42
18.42
18.42
18.42
18.42
18.42
18.42
18.42
18.42
18.42
18.42
18.42
260.80
881.92
1003.11
1184.90
1245.50
1078.86
1245.50
1184.90
1124.30
957.66
624.38
275.95
275.95
275.95
154.76
18.42
18.42
18.42
18.42
18.42
18.42
18.42
18.42
18.42
260.80
881.92
1003.11
1184.90
1245.50
1078.86
1245.50
1184.90
1124.30
957.66
624.38
275.95
275.95
275.95
154.76
18.42
18.42
18.42
18.42
18.42
18.42
18.42
18.42
18.42
260.80
881.92
1003.11
1184.90
1245.50
1078.86
1245.50
1184.90
1124.30
957.66
624.38
275.95
275.95
275.95
154.76
18.42
18.42
18.42
18.42
18.42
18.42
18.42
18.42
18.42
260.80
881.92
1003.11
1184.90
1245.50
1078.86
1245.50
1184.90
1124.30
957.66
624.38
275.95
275.95
275.95
154.76
18.42
18.42
18.42
18.42
18.42
18.42
18.42
18.42
18.42
260.80
881.92
1003.11
1184.90
1245.50
1078.86
1245.50
1184.90
1124.30
957.66
624.38
275.95
275.95
275.95
154.76
18.42
18.42
18.42
18.42
18.42
18.42
18.42
18.42
18.42
18.42
306.25
427.44
457.74
457.74
366.85
366.85
351.70
351.70
351.70
351.70
154.76
18.42
18.42
18.42
18.42
18.42
18.42
18.42
18.42
18.42
18.42
18.42
18.42
18.42
18.42
18.42
18.42
18.42
18.42
18.42
18.42
18.42
18.42
18.42
18.42
18.42
18.42
18.42
18.42
18.42
18.42
18.42
18.42
18.42
18.42
18.42
18.42
260.80
881.92
1003.11
1184.90
1245.50
1078.86
1245.50
1184.90
1124.30
957.66
624.38
275.95
275.95
275.95
154.76
18.42
18.42
18.42
18.42
18.42
18.42
18.42
18.42
18.42
260.80
881.92
1003.11
1184.90
1245.50
1078.86
1245.50
1184.90
1124.30
957.66
624.38
275.95
275.95
275.95
154.76
18.42
18.42
18.42
18.42
18.42
18.42
18.42
18.42
18.42
260.80
881.92
1003.11
1184.90
1245.50
1078.86
1245.50
1184.90
1124.30
957.66
624.38
275.95
275.95
275.95
154.76
18.42
18.42
18.42
18.42
18.42
18.42
18.42
18.42
18.42
260.80
881.92
1003.11
1184.90
1245.50
1078.86
1245.50
1184.90
1124.30
957.66
624.38
275.95
275.95
275.95
154.76
18.42
18.42
18.42
18.42
18.42
18.42
18.42
18.42
18.42
260.80
881.92
1003.11
1184.90
1245.50
1078.86
1245.50
1184.90
1124.30
957.66
624.38
275.95
275.95
275.95
154.76
18.42
18.42
18.42
18.42
18.42
18.42
18.42
18.42
18.42
18.42
306.25
427.44
457.74
457.74
366.85
366.85
351.70
351.70
351.70
351.70
154.76
18.42
18.42
18.42
18.42
18.42
18.42
18.42
18.42
18.42
18.42
19.97
20.48
18.42
18.42
18.42
18.42
18.42
18.42
18.42
18.42
18.42
18.42
18.42
18.42
18.42
18.42
18.42
18.42
18.42
18.42
18.42
18.42
18.42
18.42
21.04
18.42
260.80
881.92
1003.11
1184.90
1245.50
1078.86
1245.50
1184.90
1124.30
957.66
624.38
275.95
275.95
275.95
154.76
18.42
18.42
18.42
18.42
18.42
18.42
21.05
22.72
18.42
260.80
881.92
1003.11
1184.90
1245.50
1078.86
1245.50
1184.90
1124.30
957.66
624.38
275.95
275.95
275.95
154.76
18.42
18.42
18.42
18.42
18.42
18.42
18.42
18.42
18.42
260.80
881.92
1003.11
1184.90
1245.50
1078.86
1245.50
1184.90
1124.30
957.66
624.38
275.95
275.95
275.95
154.76
18.42
18.42
18.42
18.42
18.42
18.42
18.42
21.31
18.42
260.80
881.92
1003.11
1184.90
1245.50
1078.86
1245.50
1184.90
1124.30
957.66
624.38
275.95
275.95
275.95
154.76
18.42
18.42
18.42
18.42
18.42
18.42
18.42
18.42
18.42
260.80
881.92
1003.11
1184.90
1245.50
1078.86
1245.50
1184.90
1124.30
957.66
624.38
275.95
275.95
275.95
154.76
18.42
18.42
18.42
18.42
18.42
18.42
18.42
18.42
18.42
18.42
306.25
427.44
457.74
457.74
366.85
366.85
351.70
351.70
351.70
351.70
154.76
18.42
18.42
18.42
18.42
18.42
18.42
18.42
22.33
23.85
27.07
66.12
94.53
43.86
18.42
18.42
18.42
18.42
18.42
18.42
18.42
18.42
18.42
18.42
18.42
18.42
18.42
18.42
18.42
20.75
22.65
26.65
60.04
110.61
170.86
251.51
193.26
260.80
881.92
1003.11
1184.90
1245.50
1078.86
1245.50
1184.90
1124.30
957.66
624.38
275.95
275.95
275.95
154.76
18.42
18.42
18.42
26.45
28.75
52.56
99.80
149.52
59.71
260.80
881.92
1003.11
1184.90
1245.50
1078.86
1245.50
1184.90
1124.30
957.66
624.38
275.95
275.95
275.95
154.76
18.42
18.42
18.42
26.67
29.74
52.28
115.77
165.18
82.65
260.80
881.92
1003.11
1184.90
1245.50
1078.86
1245.50
1184.90
1124.30
957.66
624.38
275.95
275.95
275.95
154.76
18.42
18.42
18.42
18.42
22.63
23.92
26.92
38.94
27.30
260.80
881.92
1003.11
1184.90
1245.50
1078.86
1245.50
1184.90
1124.30
957.66
624.38
275.95
275.95
275.95
154.76
18.42
18.42
18.42
18.42
22.02
27.31
32.94
124.83
62.77
260.80
881.92
1003.11
1184.90
1245.50
1078.86
1245.50
1184.90
1124.30
957.66
624.38
275.95
275.95
275.95
154.76
18.42
18.42
18.42
25.71
26.86
27.13
28.24
32.66
23.76
18.42
306.25
427.44
457.74
457.74
366.85
366.85
351.70
351.70
351.70
351.70
154.76
18.42
18.42
18.42
25.45
30.56
84.99
159.79
203.85
243.74
280.24
310.66
339.65
240.32
20.73
18.42
18.42
18.42
18.42
18.42
18.42
18.42
18.42
18.42
18.42
18.42
18.42
31.47
53.34
122.45
93.81
107.85
118.70
127.07
136.62
145.44
29.31
260.80
881.92
1003.11
1184.90
1245.50
1078.86
1245.50
1184.90
1124.30
957.66
624.38
275.95
275.95
275.95
154.76
18.42
19.84
34.02
93.76
139.91
150.35
157.96
162.26
37.33
260.80
881.92
1003.11
1184.90
1245.50
1078.86
1245.50
1184.90
1124.30
957.66
624.38
275.95
275.95
275.95
154.76
18.42
18.42
20.26
26.07
29.33
37.09
83.51
108.46
27.99
260.80
881.92
1003.11
1184.90
1245.50
1078.86
1245.50
1184.90
1124.30
957.66
624.38
275.95
275.95
275.95
154.76
18.42
18.42
23.83
30.40
38.15
81.06
128.90
169.54
80.99
260.80
881.92
1003.11
1184.90
1245.50
1078.86
1245.50
1184.90
1124.30
957.66
624.38
275.95
275.95
275.95
154.76
18.42
18.42
23.82
29.41
29.04
29.21
30.01
32.57
20.74
260.80
881.92
1003.11
1184.90
1245.50
1078.86
1245.50
1184.90
1124.30
957.66
624.38
275.95
275.95
275.95
154.76
18.42
18.42
22.69
28.92
36.71
62.93
110.79
137.02
36.78
18.42
306.25
427.44
457.74
457.74
366.85
366.85
351.70
351.70
351.70
351.70
154.76
18.42
18.42
18.42
28.10
31.41
110.00
176.05
217.89
257.11
293.23
329.50
364.73
306.19
66.85
18.42
18.42
18.42
18.42
18.42
18.42
18.42
18.42
18.42
18.42
18.42
26.43
71.99
198.65
237.41
208.51
233.40
257.54
279.99
315.74
365.29
287.46
260.80
881.92
1003.11
1184.90
1245.50
1078.86
1245.50
1184.90
1124.30
957.66
624.38
275.95
275.95
275.95
154.76
18.42
18.42
22.57
29.04
29.61
29.76
31.63
43.73
23.73
260.80
881.92
1003.11
1184.90
1245.50
1078.86
1245.50
1184.90
1124.30
957.66
624.38
275.95
275.95
275.95
154.76
18.42
18.42
18.42
19.86
24.26
26.48
28.05
29.18
21.14
260.80
881.92
1003.11
1184.90
1245.50
1078.86
1880.96
1895.85
1895.04
1670.03
1153.27
584.63
354.31
275.95
154.76
18.42
18.42
18.42
20.54
23.13
26.12
28.67
39.53
22.67
260.80
881.92
1003.11
1184.90
1245.50
1078.86
1245.50
1184.90
1124.30
957.66
624.38
275.95
275.95
275.95
154.76
18.42
18.42
20.78
27.40
29.21
34.18
42.18
66.61
23.04
260.80
881.92
1003.11
1184.90
1245.50
1078.86
1245.50
1184.90
1124.30
957.66
624.38
275.95
275.95
275.95
154.76
18.42
20.37
34.86
73.90
153.24
198.45
224.62
235.10
116.29
26.07
306.25
427.44
457.74
457.74
366.85
366.85
351.70
351.70
351.70
351.70
154.76
18.42
28.45
50.56
144.21
174.58
252.21
265.55
269.76
271.99
274.38
277.24
278.86
240.22
65.27
18.42
18.42
18.42
18.42
18.42
18.42
18.42
18.42
18.42
21.91
93.52
305.70
396.59
457.96
494.35
469.08
493.82
514.20
534.00
549.51
560.12
443.69
265.37
881.92
1003.11
1184.90
1245.50
1078.86
1245.50
1184.90
1124.30
957.66
624.38
275.95
275.95
275.95
154.76
18.42
75.67
268.24
319.10
350.92
378.96
402.64
403.12
256.37
260.80
881.92
1003.11
1184.90
1245.50
1078.86
1245.50
1184.90
1124.30
957.66
624.38
275.95
275.95
275.95
154.76
18.42
38.60
59.05
128.46
157.88
171.46
181.22
190.90
74.58
260.80
881.92
1003.11
1184.90
1245.50
1078.86
1245.50
1184.90
1124.30
957.66
624.38
275.95
275.95
275.95
154.76
18.42
24.69
39.75
45.67
53.69
88.88
125.79
149.07
47.46
260.80
881.92
1003.11
1184.90
1245.50
1078.86
1245.50
1184.90
1124.30
957.66
624.38
275.95
275.95
275.95
154.76
18.42
39.27
133.57
229.43
238.05
239.58
236.45
241.33
130.55
260.80
881.92
1003.11
1184.90
1245.50
1078.86
1245.50
1184.90
1124.30
957.66
624.38
275.95
275.95
277.47
161.29
33.28
211.65
412.36
470.40
545.99
671.59
685.27
658.38
436.27
263.65
318.67
427.44
457.74
457.74
366.85
366.85
351.70
351.70
351.70
351.70
211.01
254.45
338.94
371.95
400.88
433.25
523.11
544.00
548.35
552.64
560.58
569.03
577.37
565.26
454.26
332.47
114.12
22.76
18.42
18.42
18.42
18.42
21.01
57.56
262.35
460.33
492.11
512.43
528.46
543.77
499.17
509.32
520.39
528.39
535.91
544.32
426.81
278.46
881.92
1003.11
1184.90
1245.50
1078.86
1245.50
1184.90
1124.30
957.66
624.38
275.95
279.46
290.98
178.45
46.77
341.26
441.59
472.30
497.03
520.22
538.02
551.43
437.32
276.08
881.92
1003.11
1184.90
1245.50
1078.86
1245.50
1184.90
1124.30
957.66
624.38
275.95
275.95
281.03
168.43
42.28
285.40
429.66
471.03
502.27
531.24
548.61
554.33
432.39
275.80
881.92
1003.11
1184.90
1245.50
1078.86
1245.50
1184.90
1124.30
957.66
624.38
275.95
275.95
275.95
162.89
29.44
99.46
254.81
286.52
310.74
332.21
359.02
392.35
298.49
264.62
881.92
1003.11
1184.90
1245.50
1078.86
1245.50
1184.90
1124.30
957.66
624.38
275.95
275.95
275.95
162.18
29.72
133.46
333.81
392.38
431.06
466.65
495.48
515.14
407.17
277.94
881.92
1003.11
1184.90
1245.50
1078.86
1245.50
1184.90
1124.30
957.66
624.38
275.95
275.95
275.95
156.76
24.12
55.25
81.96
162.01
198.69
230.19
250.85
262.93
146.35
47.11
306.25
427.44
457.74
457.74
366.85
366.85
351.70
351.70
351.70
351.70
160.36
61.95
171.25
283.08
334.85
371.07
463.07
491.45
507.85
522.64
542.96
567.56
591.35
552.46
316.48
47.70
18.42
18.42
18.42
18.42
18.42
18.42
18.42
18.42
38.37
101.35
263.14
338.00
388.47
420.48
391.11
413.94
434.78
454.63
475.08
495.27
387.88
269.29
881.92
1003.11
1184.90
1245.50
1078.86
1245.50
1184.90
1124.30
957.66
624.38
275.95
275.95
275.95
154.76
20.48
55.75
187.09
237.48
247.61
253.53
257.40
260.31
134.71
260.80
881.92
1003.11
1184.90
1245.50
1078.86
1245.50
1184.90
1124.30
957.66
624.38
275.95
275.95
275.95
154.76
18.42
42.78
123.03
214.51
250.14
280.61
314.47
351.57
260.88
260.80
881.92
1003.11
1184.90
1245.50
1078.86
1245.50
1184.90
1124.30
957.66
624.38
275.95
275.95
275.95
154.76
18.42
42.02
139.34
244.18
277.60
305.73
333.52
359.01
257.10
260.80
881.92
1003.11
1184.90
1245.50
1078.86
1245.50
1184.90
1124.30
957.66
624.38
275.95
275.95
275.95
154.76
18.42
51.46
190.72
248.50
240.08
226.14
222.10
229.93
109.58
260.80
881.92
1003.11
1184.90
1245.50
1078.86
1245.50
1184.90
1124.30
957.66
624.38
275.95
275.95
275.95
154.76
18.42
49.94
135.70
212.76
231.39
245.05
263.59
287.25
182.99
66.80
306.25
427.44
457.74
457.74
366.85
366.85
351.70
351.70
351.70
351.70
168.32
82.77
211.17
247.02
269.73
286.72
360.56
380.28
398.06
418.91
441.99
462.04
481.50
485.12
392.55
315.24
221.48
140.17
85.76
68.95
92.49
149.13
296.28
396.14
464.25
501.44
526.38
550.53
567.23
575.72
524.68
533.86
544.24
547.63
553.18
559.90
439.29
275.47
881.92
1003.11
1184.90
1245.50
1078.86
1245.50
1184.90
1124.30
957.66
624.38
282.76
296.36
298.86
179.28
44.93
334.76
419.07
448.70
481.22
506.85
526.19
545.05
436.71
279.09
881.92
1003.11
1184.90
1245.50
1078.86
1245.50
1184.90
1124.30
957.66
624.38
275.95
275.95
283.85
171.55
42.72
305.57
412.92
443.59
474.30
503.44
530.86
556.20
453.81
280.66
881.92
1003.11
1184.90
1245.50
1078.86
1245.50
1184.90
1124.30
957.66
624.38
275.95
275.95
280.96
166.62
37.67
239.24
385.38
422.99
454.68
484.57
501.75
508.34
387.11
272.68
881.92
1003.11
1184.90
1245.50
1078.86
1245.50
1184.90
1124.30
957.66
624.38
275.95
275.95
281.44
166.86
35.94
218.06
374.32
410.78
435.56
457.88
480.07
499.75
391.34
276.30
881.92
1003.11
1184.90
1245.50
1078.86
1245.50
1184.90
1124.30
957.66
624.38
275.95
279.45
284.26
167.48
35.27
110.80
268.06
301.46
316.03
327.78
340.77
355.62
242.57
126.66
319.27
431.18
457.74
457.74
366.85
366.85
351.70
351.70
351.70
358.78
251.51
305.77
339.45
357.35
374.97
392.79
468.50
486.61
498.92
510.37
521.35
530.52
539.23
544.36
469.56
413.23
334.74
258.81
208.32
194.85
220.68
280.44
422.06
507.93
560.64
585.69
602.06
617.10
626.33
628.18
595.60
624.51
633.32
640.53
645.72
663.36
568.28
345.35
881.92
1003.11
1184.90
1245.50
1078.86
1245.50
1184.90
1124.30
957.66
624.38
296.23
308.20
312.20
199.92
99.07
486.09
520.23
538.36
551.79
562.63
588.60
632.71
551.72
330.92
881.92
1003.11
1184.90
1245.50
1078.86
1245.50
1184.90
1124.30
957.66
624.38
275.95
296.37
305.93
189.78
54.93
367.28
394.98
410.26
457.26
505.78
546.53
581.43
489.18
296.15
881.92
1003.11
1184.90
1245.50
1078.86
1245.50
1184.90
1124.30
957.66
624.38
275.95
286.32
302.30
188.43
58.06
432.65
514.89
554.46
588.95
757.87
794.29
795.71
554.37
320.17
881.92
1003.11
1184.90
1245.50
1078.86
1245.50
1184.90
1124.30
957.66
624.38
275.95
289.62
308.09
195.52
75.01
498.64
618.88
783.98
833.87
888.21
951.38
1018.22
752.08
449.64
991.53
1046.35
1213.94
1254.53
1078.86
1245.50
1184.90
1124.30
957.66
624.38
275.95
287.86
307.42
193.00
61.45
406.27
435.07
400.73
385.47
380.61
387.36
399.37
284.28
151.00
321.18
431.46
457.74
457.74
366.85
366.85
351.70
353.52
362.74
388.68
411.27
420.44
447.96
471.62
495.12
517.81
594.65
613.36
628.67
636.20
637.10
630.24
621.48
574.12
389.67
209.37
71.92
42.21
26.87
26.39
50.00
141.33
434.87
567.07
640.72
703.98
764.20
787.27
770.71
751.70
690.51
702.57
717.67
738.67
768.47
798.68
663.90
340.15
881.92
1003.11
1184.90
1245.50
1078.86
1245.50
1184.90
1124.30
957.66
624.38
302.10
318.59
390.53
329.68
201.76
564.22
576.55
566.50
565.07
584.13
613.88
645.32
530.02
299.93
881.92
1003.11
1184.90
1245.50
1078.86
1245.50
1184.90
1124.30
957.66
636.77
318.18
319.27
319.43
202.51
70.44
447.22
501.39
557.97
613.81
650.04
668.54
639.92
507.47
297.82
881.92
1003.11
1184.90
1245.50
1078.86
1245.50
1184.90
1124.30
957.66
631.42
321.73
347.33
463.61
526.74
448.61
1076.42
1155.20
1225.55
1297.45
1367.36
1435.47
1502.27
968.22
371.31
881.92
1003.11
1184.90
1245.50
1078.86
1245.50
1184.90
1124.30
957.66
633.60
325.37
340.25
463.42
457.38
425.27
1054.15
1120.38
1162.74
1268.05
1367.09
1434.47
1468.10
1138.24
703.67
1061.69
1053.24
1184.90
1245.50
1078.86
1245.50
1184.90
1124.30
957.66
628.66
316.10
328.34
341.98
303.08
211.68
873.54
960.80
971.92
980.86
986.77
992.50
999.19
588.08
383.55
356.99
443.07
457.74
457.74
366.85
366.85
351.70
351.70
359.95
407.50
504.56
513.82
529.56
537.91
542.18
544.56
609.72
624.60
637.89
650.62
664.24
677.60
687.99
681.37
586.48
511.59
431.27
373.12
363.47
408.54
459.39
520.15
653.42
705.01
723.81
740.83
757.15
766.53
768.62
770.01
716.75
722.28
730.37
732.09
729.37
726.34
595.23
348.93
881.92
1003.11
1184.90
1245.50
1078.86
1245.50
1184.90
1124.30
966.61
676.53
338.17
401.78
435.15
356.11
284.74
681.01
707.73
724.11
959.61
860.07
995.00
1123.60
757.05
427.28
881.92
1003.11
1184.90
1245.50
1078.86
1245.50
1184.90
1124.30
957.66
655.78
335.20
422.39
503.93
421.81
316.55
987.35
948.66
778.18
651.34
639.73
653.77
655.41
525.78
312.05
881.92
1003.11
1184.90
1245.50
1078.86
1245.50
1184.90
1124.30
968.88
678.04
334.43
347.38
391.69
293.20
175.12
551.64
579.98
591.32
600.88
609.55
619.06
638.47
525.60
310.71
881.92
1003.11
1184.90
1245.50
1078.86
1245.50
1184.90
1124.30
972.60
680.76
339.02
362.19
400.62
295.21
170.43
540.65
567.71
580.92
592.39
623.21
672.83
722.64
620.14
358.97
881.92
1003.11
1184.90
1245.50
1078.86
1245.50
1184.90
1124.30
957.66
651.45
332.66
381.52
785.90
794.36
754.06
1429.99
1512.64
1539.35
1527.97
1522.54
1527.62
1521.96
1124.41
709.48
401.99
434.82
584.17
651.33
553.70
537.14
501.22
467.37
423.79
601.71
898.56
1004.67
1181.33
1310.56
1378.35
1435.50
1548.73
1587.92
1618.01
1641.08
1650.42
1658.98
1602.90
1428.64
1093.36
666.91
272.31
194.77
156.58
136.98
133.91
280.05
720.45
938.53
1086.91
1228.34
1389.50
1540.74
1593.47
1581.66
1566.02
1649.41
1725.73
1780.19
1821.41
1870.86
1386.33
764.19
947.95
1034.74
1259.91
1330.20
1105.08
1245.50
1184.90
1124.30
957.66
659.90
339.06
385.70
532.78
492.50
579.55
1260.17
1383.24
1490.37
1592.39
1671.02
1721.78
1710.05
1223.02
755.71
1085.48
1193.19
1399.72
1447.61
1151.91
1245.50
1184.90
1124.30
957.66
682.11
375.17
673.46
940.63
934.61
817.86
1404.85
1458.81
1512.95
1562.97
1626.21
1722.55
1757.88
1365.84
1066.89
1408.51
1419.73
1483.87
1454.18
1206.76
1292.54
1186.65
1124.30
992.80
709.35
484.41
584.99
717.13
707.69
534.88
1085.31
1090.31
1104.74
1112.35
1097.66
1055.56
1096.68
775.51
463.66
969.35
1188.00
1590.16
1836.81
1794.29
1774.98
1952.10
1981.20
1650.82
1403.97
1091.45
1067.80
1115.05
1217.35
1166.54
1756.04
1773.32
1762.47
1752.39
1651.10
1428.88
1340.04
952.14
546.81
1176.08
1376.93
1669.69
1810.56
1484.62
1668.29
1617.62
1627.12
1197.81
733.02
403.04
555.65
819.49
893.10
811.04
1401.31
1385.08
1322.08
1220.36
1191.62
1185.12
1201.74
926.85
797.16
777.57
818.56
836.11
835.76
698.40
615.70
496.54
438.15
410.20
583.13
909.56
861.65
920.20
945.85
929.22
919.73
974.45
961.82
940.52
973.75
1062.01
1110.70
1119.09
1119.53
1032.88
950.78
847.05
753.16
693.22
679.98
731.70
823.24
950.51
999.53
1012.00
1016.69
1020.63
1023.52
1029.59
1033.09
979.11
988.78
1001.72
1009.41
1009.72
1004.81
759.00
531.52
892.64
1004.54
1184.90
1245.50
1078.86
1245.50
1184.90
1124.30
1040.29
929.67
639.51
650.87
657.72
551.38
439.50
807.49
935.11
934.40
925.45
895.96
892.25
939.59
719.35
473.51
885.55
1003.11
1216.80
1297.32
1126.64
1266.98
1184.90
1124.30
1007.16
744.36
544.75
569.57
582.35
478.31
365.89
748.01
966.18
982.23
990.52
980.47
963.05
972.99
701.96
479.60
888.30
1003.11
1184.90
1245.50
1078.86
1245.50
1184.90
1124.30
1012.31
741.24
530.05
560.22
579.29
472.10
345.39
712.79
935.53
1101.64
1269.10
1465.48
1666.87
1776.91
1449.55
1074.70
1226.89
1254.43
1417.91
1427.10
1211.01
1327.02
1196.06
1129.79
970.77
734.87
740.22
1003.95
1167.26
1127.06
1015.07
1655.97
1268.74
853.11
818.84
797.85
833.44
855.88
619.37
412.87
984.86
1126.77
1312.49
1354.84
1149.79
1278.88
1192.49
1124.30
981.15
695.16
359.19
414.23
457.19
353.95
231.33
602.37
633.94
654.15
683.00
772.24
797.32
825.10
596.69
479.74
511.39
569.87
537.77
512.81
417.76
421.55
419.57
493.20
551.95
710.94
878.97
772.10
794.79
840.94
892.82
943.87
1008.40
985.85
962.77
953.82
974.58
995.33
1002.18
983.09
866.87
716.67
627.11
606.24
606.63
627.35
675.71
742.94
862.71
922.65
927.39
922.95
964.85
1026.65
1122.85
1265.90
1396.97
1607.53
1805.17
1957.49
2076.99
2181.97
1847.76
1494.47
1502.31
1503.75
1611.33
1637.00
1438.15
1591.97
1521.29
1449.85
1388.21
1419.49
1152.06
1249.75
1334.16
1285.67
1243.20
1906.15
1997.25
2074.26
2151.07
2219.66
2296.90
2365.68
1953.81
1480.56
1466.89
1479.56
1680.87
1766.16
1587.82
1689.23
1541.11
1449.21
1216.84
1209.12
1215.19
1334.68
1447.87
1393.40
1270.09
1847.27
1874.90
1883.54
1886.70
1909.23
1935.67
1961.61
1524.82
1054.14
1186.99
1243.64
1513.08
1656.36
1517.29
1676.29
1581.75
1501.01
1180.02
957.62
929.28
1107.41
1238.89
1220.76
1156.92
1796.27
1856.82
1877.49
1900.46
1911.53
1912.25
1915.78
1472.00
1022.60
1228.46
1288.66
1561.17
1687.86
1536.77
1671.17
1562.17
1480.14
1201.34
1024.95
936.11
1110.73
1184.88
1127.35
1034.65
1650.38
1698.05
1712.14
1726.93
1702.00
1649.99
1584.30
1184.41
915.88
1307.86
1368.76
1554.82
1620.23
1452.88
1611.39
1507.68
1449.06
1191.91
1039.01
989.61
1147.64
1226.24
1176.78
1128.97
1777.59
1839.06
1845.93
1850.65
1834.81
1798.11
1760.21
1302.71
976.55
793.56
713.18
794.86
871.67
792.31
767.09
736.02
698.83
646.14
937.58
1201.14
1112.66
1144.57
1171.19
1187.34
1198.65
1255.18
1246.73
1233.86
1189.83
1139.82
1090.87
1053.07
1025.49
917.23
866.52
808.09
751.89
738.37
772.03
830.83
889.16
1008.60
1046.70
1063.34
1055.60
1045.13
1069.40
1140.19
1210.69
1239.96
1347.60
1480.19
1533.99
1531.36
1529.25
1136.97
825.61
1069.08
1168.72
1399.70
1504.43
1335.06
1462.66
1347.07
1253.58
1033.81
907.18
727.39
763.61
792.13
685.82
551.90
1125.85
1140.62
1138.39
1143.59
1148.11
1148.87
1149.15
799.93
541.12
965.32
1056.01
1222.64
1260.35
1086.83
1255.52
1186.48
1130.15
1047.51
890.88
642.96
670.52
692.74
662.68
608.96
1284.53
1398.15
1479.52
1558.96
1585.42
1553.61
1520.98
1128.44
839.65
1145.25
1204.32
1346.04
1366.71
1157.17
1273.24
1187.81
1128.68
1061.23
938.36
650.14
660.99
667.26
547.03
406.34
760.89
781.56
829.88
914.85
942.94
972.07
1010.03
739.73
523.95
914.07
1088.89
1352.98
1475.00
1339.61
1534.40
1484.64
1515.39
1400.66
1367.35
1237.03
1282.06
1189.07
1031.66
887.45
1412.99
1430.67
1493.44
1530.78
1636.17
1824.55
2002.19
1666.10
1270.03
1454.15
1554.07
1916.00
2106.09
2005.34
2171.26
2080.70
1977.12
1689.82
1552.17
1481.75
1538.79
1578.75
1460.97
1295.82
1838.94
1867.52
1925.92
1987.94
1960.99
1833.86
1712.22
1297.08
1144.65
1103.82
1149.48
1133.11
1100.83
1018.80
1020.98
989.47
1046.94
1122.75
1470.80
1571.30
1382.59
1305.53
1259.96
1221.14
1180.79
1226.58
1234.15
1228.87
1224.18
1223.93
1217.75
1215.22
1213.45
1134.67
1069.34
987.96
917.13
877.35
873.02
885.30
926.41
1034.48
1058.34
1086.32
1123.59
1162.65
1209.56
1273.00
1330.07
1349.89
1465.10
1583.04
1683.92
1733.96
1785.45
1441.44
1146.97
1313.47
1352.73
1493.20
1526.43
1338.06
1494.53
1430.60
1324.87
1039.01
900.24
667.63
684.58
694.63
576.42
437.49
791.66
873.65
935.75
981.64
1076.03
1205.57
1355.89
1088.41
848.11
1186.73
1265.79
1436.81
1484.24
1338.54
1545.57
1502.77
1386.08
994.26
718.89
581.41
836.63
1072.93
1116.72
1061.20
1701.49
1767.83
1780.29
1790.61
1856.92
1949.06
1958.86
1513.09
1066.72
1293.20
1427.43
1795.99
1984.92
1896.27
2080.61
1946.07
1795.86
1366.02
1017.76
765.46
981.91
1087.98
1032.53
939.17
1538.15
1598.76
1658.41
1713.63
1770.97
1816.79
1867.63
1466.17
1077.35
1314.49
1365.06
1589.86
1671.94
1485.46
1586.50
1424.15
1323.68
1042.06
866.25
768.50
972.12
1103.29
1016.38
813.64
1306.40
1274.46
1252.65
1230.57
1274.16
1376.69
1461.74
1081.30
704.56
1065.80
1142.37
1332.69
1399.15
1247.59
1421.54
1369.66
1300.01
1032.47
731.15
518.70
567.96
585.06
486.53
379.96
972.76
1008.22
1009.13
1005.57
1052.42
1159.00
1257.51
910.40
687.29
613.55
614.68
568.81
558.64
456.67
424.00
406.19
417.85
457.55
626.24
860.80
747.66
740.67
726.03
736.34
747.82
815.36
829.08
840.57
877.22
943.32
1273.76
1407.46
1272.26
1060.61
859.03
732.50
664.92
631.30
635.55
666.84
721.54
834.05
871.68
902.98
943.75
1081.46
1258.66
1286.72
1317.10
1336.28
1454.77
1588.98
1793.93
1996.85
2217.30
1979.32
1661.33
1842.63
1979.87
2293.34
2405.38
2271.44
2446.47
2358.52
2249.03
1849.98
1758.65
1701.77
1712.39
1710.87
1610.17
1514.29
2116.78
2147.22
2151.22
2154.30
2184.06
2236.44
2288.35
1884.90
1463.10
1556.84
1621.94
1909.03
2026.30
1928.62
2151.47
2073.91
1966.37
1599.49
1446.27
1376.00
1385.11
1381.99
1310.86
1296.38
1985.17
1968.02
1788.24
1608.67
1497.36
1468.83
1394.21
1012.20
763.70
1184.38
1283.04
1460.19
1520.47
1345.43
1485.65
1390.89
1349.57
1190.40
1242.10
1110.67
1341.16
1561.71
1575.49
1480.39
2084.41
2175.65
2282.71
2394.86
2443.06
2432.75
2417.59
1984.73
1575.03
1751.92
1801.22
2014.95
2070.61
1899.90
2060.00
1921.14
1828.27
1543.58
1291.03
1232.06
1309.24
1335.12
1237.42
1098.75
1660.37
1741.87
1859.74
1972.60
2050.99
2092.80
2129.66
1739.35
1346.77
1588.54
1664.74
1909.75
2045.50
1940.39
2152.42
2086.48
1996.91
1699.66
1463.47
1263.29
1341.08
1350.49
1260.41
1169.89
1784.54
1877.88
1953.19
2030.16
2112.17
2174.43
2223.73
1834.42
1574.48
1458.01
1347.13
1399.37
1463.42
1409.38
1408.99
1371.33
1385.89
1395.32
1722.35
2054.96
2030.37
2198.10
2327.08
2364.25
2402.36
2502.21
2542.63
2576.04
2620.73
2656.12
2698.43
2604.69
2376.24
2039.35
1749.26
1458.89
1212.51
1153.51
1272.15
1469.46
1692.17
1948.92
2079.52
2113.21
2098.89
2089.98
2118.65
2192.24
2259.69
2289.71
2400.47
2506.90
2589.56
2626.80
2662.74
2270.45
1890.77
1843.47
1856.69
2026.91
2121.09
2003.84
2181.85
2048.69
1904.88
1691.90
1765.56
1631.24
1745.32
1856.19
1797.61
1695.25
2296.29
2327.39
2342.88
2360.49
2351.85
2339.83
2327.19
1970.69
1720.75
1849.19
1915.42
2034.76
2099.24
1936.89
2099.35
1948.71
1851.87
1582.83
1488.70
1237.93
1234.64
1456.85
1487.70
1417.63
2046.85
2056.60
1980.10
1890.45
1803.94
1715.37
1633.04
1236.46
973.50
1313.33
1403.49
1581.83
1642.10
1537.32
1802.30
1793.85
1732.99
1442.53
1410.44
1089.60
1150.22
1172.10
1051.23
887.46
1433.33